3 0.0625 0.10859375 0.065625 0.07109375
3 0.03515625 0.378125 0.0703125 0.11015625
3 0.03828125 0.52890625 0.0765625 0.07890625
3 0.2703125 0.86015625 0.059375 0.075
3 0.26875 0.92734375 0.053125 0.05859375
3 0.38046875 0.69296875 0.0609375 0.07734375
3 0.37265625 0.54140625 0.0453125 0.05
3 0.390625 0.47578125 0.04375 0.06015625
3 0.47109375 0.471875 0.0515625 0.07265625
3 0.46875 0.346875 0.06875 0.07734375
3 0.3921875 0.3875 0.0625 0.075
3 0.325 0.39921875 0.059375 0.07265625
3 0.24765625 0.50703125 0.0578125 0.06484375
3 0.1984375 0.275 0.065625 0.0625
3 0.3703125 0.175 0.06875 0.09609375
3 0.4421875 0.13515625 0.059375 0.07109375
3 0.3703125 0.0625 0.059375 0.07890625
3 0.72421875 0.41953125 0.0671875 0.06875
3 0.7515625 0.32109375 0.053125 0.06640625
3 0.78515625 0.26484375 0.0609375 0.05859375
3 0.7578125 0.2 0.059375 0.075
3 0.85859375 0.17890625 0.0671875 0.08359375
3 0.95546875 0.20859375 0.0859375 0.10859375
3 0.8109375 0.06796875 0.065625 0.08984375
3 0.696875 0.57421875 0.0625 0.07734375
3 0.78671875 0.55546875 0.0703125 0.07734375
3 0.840625 0.76796875 0.078125 0.08984375
3 0.72109375 0.80546875 0.0671875 0.08515625
3 0.65078125 0.90859375 0.0546875 0.0625
3 0.88828125 0.625 0.0515625 0.075