3 0.096875 0.11015625 0.06875 0.08359375
3 0.05390625 0.3125 0.0859375 0.09609375
3 0.0734375 0.540625 0.06875 0.06484375
3 0.103125 0.74140625 0.078125 0.075
3 0.16328125 0.71875 0.0484375 0.05859375
3 0.24296875 0.64375 0.0671875 0.08359375
3 0.29921875 0.58359375 0.0671875 0.08359375
3 0.34921875 0.54140625 0.0578125 0.09140625
3 0.4328125 0.25078125 0.071875 0.10625
3 0.5390625 0.07890625 0.0625 0.09609375
3 0.3515625 0.02578125 0.071875 0.0515625
3 0.61640625 0.09453125 0.0546875 0.08125
3 0.6453125 0.171875 0.053125 0.08515625
3 0.634375 0.24453125 0.05625 0.06484375
3 0.60703125 0.29921875 0.0390625 0.05625
3 0.47109375 0.33671875 0.0421875 0.05625
3 0.49375 0.43515625 0.0625 0.06640625
3 0.49453125 0.56328125 0.0640625 0.06015625
3 0.61875 0.45 0.065625 0.075
3 0.69140625 0.571875 0.0703125 0.07265625
3 0.76484375 0.38671875 0.0734375 0.06875
3 0.78046875 0.3 0.0796875 0.09140625
3 0.73046875 0.47265625 0.0546875 0.07109375
3 0.52265625 0.83984375 0.0734375 0.09140625
3 0.453125 0.76953125 0.0625 0.08515625
3 0.78515625 0.953125 0.0828125 0.08515625
3 0.66015625 0.88125 0.0609375 0.06640625
3 0.6265625 0.84453125 0.0375 0.07734375
3 0.75703125 0.74140625 0.0515625 0.07109375
3 0.9796875 0.16328125 0.0375 0.06484375
3 0.97734375 0.04375 0.0421875 0.07109375
3 0.9515625 0.08984375 0.0375 0.05
3 0.946875 0.02734375 0.05625 0.05390625
3 0.97421875 0.353125 0.0453125 0.04765625