3 0.171875 0.25703125 0.08125 0.09765625
3 0.2734375 0.22734375 0.078125 0.10390625
3 0.24453125 0.29453125 0.0484375 0.06484375
3 0.43671875 0.25390625 0.0640625 0.07109375
3 0.396875 0.36953125 0.078125 0.08515625
3 0.346875 0.44921875 0.06875 0.09375
3 0.43828125 0.50859375 0.0734375 0.09140625
3 0.28203125 0.51875 0.0578125 0.0875
3 0.2859375 0.60234375 0.05625 0.0625
3 0.184375 0.61875 0.0625 0.07890625
3 0.40390625 0.71484375 0.0609375 0.0875
3 0.4609375 0.61171875 0.046875 0.08984375
3 0.29296875 0.859375 0.0828125 0.11015625
3 0.1953125 0.85703125 0.075 0.07265625
3 0.27578125 0.959375 0.0828125 0.07734375
3 0.7421875 0.3125 0.071875 0.08359375
3 0.53671875 0.09609375 0.0703125 0.07109375
3 0.8921875 0.28046875 0.071875 0.07734375
3 0.8390625 0.27734375 0.04375 0.0625
3 0.85390625 0.34609375 0.0515625 0.0625
3 0.8515625 0.421875 0.053125 0.06875
3 0.9015625 0.42578125 0.0625 0.07265625
3 0.97578125 0.11875 0.0453125 0.08359375
3 0.96875 0.61015625 0.059375 0.09140625
3 0.96875 0.7125 0.059375 0.075
3 0.89921875 0.96796875 0.0609375 0.06015625
3 0.96484375 0.95859375 0.0671875 0.07109375
3 0.83828125 0.196875 0.0515625 0.06484375