3 0.1421875 0.6015625 0.10703125 0.2
3 0.24296875 0.5296875 0.08984375 0.15234375
3 0.45703125 0.63046875 0.12421875 0.228125
3 0.58515625 0.52578125 0.13125 0.240625
3 0.27578125 0.8703125 0.134375 0.240625
3 0.08203125 0.94765625 0.08984375 0.09765625
3 0.59765625 0.7375 0.1296875 0.22421875
3 0.39765625 0.84296875 0.08984375 0.153125
3 0.4609375 0.2359375 0.13359375 0.21171875
3 0.46171875 0.4203125 0.134375 0.17578125
3 0.38515625 0.446875 0.075 0.15078125
3 0.36484375 0.646875 0.09375 0.1875
3 0.94453125 0.32109375 0.1109375 0.2109375
3 0.80390625 0.08984375 0.1203125 0.17109375
3 0.6640625 0.0984375 0.103125 0.16953125
3 0.6375 0.31796875 0.1078125 0.16796875
3 0.76796875 0.228125 0.10546875 0.09765625
3 0.6625 0.2203125 0.1109375 0.14140625
3 0.30390625 0.034375 0.1203125 0.06796875
3 0.82421875 0.51875 0.13203125 0.13203125
3 0.878125 0.62578125 0.071875 0.09453125