3 0.19375 0.89765625 0.0625 0.08359375
3 0.04609375 0.89296875 0.0484375 0.06875
3 0.015625 0.73203125 0.03125 0.08984375
3 0.0453125 0.590625 0.059375 0.05234375
3 0.0640625 0.52890625 0.075 0.07890625
3 0.1828125 0.41953125 0.046875 0.05625
3 0.0578125 0.278125 0.040625 0.03984375
3 0.12421875 0.54140625 0.0421875 0.05859375
3 0.18515625 0.58984375 0.0484375 0.05390625
3 0.178125 0.625 0.04375 0.0375
3 0.17734375 0.665625 0.0453125 0.05234375
3 0.26484375 0.58984375 0.0515625 0.05390625
3 0.45234375 0.634375 0.0640625 0.07265625
3 0.4921875 0.81796875 0.053125 0.07265625
3 0.590625 0.696875 0.046875 0.05625
3 0.64609375 0.64375 0.0515625 0.075
3 0.62578125 0.56484375 0.0515625 0.0625
3 0.56328125 0.409375 0.0734375 0.08125
3 0.50078125 0.44296875 0.0484375 0.04375
3 0.68828125 0.31328125 0.0578125 0.06875
3 0.6734375 0.38046875 0.05 0.05625
3 0.821875 0.20234375 0.065625 0.08359375
3 0.93125 0.08125 0.0875 0.10859375
3 0.86484375 0.15625 0.0734375 0.08359375
3 0.89296875 0.52265625 0.0484375 0.0625
3 0.94609375 0.76640625 0.0765625 0.07890625