3 0.0296875 0.08203125 0.059375 0.09765625
3 0.16953125 0.025 0.0671875 0.05
3 0.13359375 0.178125 0.0765625 0.08984375
3 0.0421875 0.221875 0.08125 0.08125
3 0.1484375 0.41484375 0.0625 0.05859375
3 0.03125 0.50234375 0.0625 0.08359375
3 0.17578125 0.59296875 0.0703125 0.07265625
3 0.09765625 0.6625 0.0703125 0.0625
3 0.0234375 0.69296875 0.046875 0.09375
3 0.11171875 0.81875 0.0796875 0.06640625
3 0.30546875 0.50234375 0.0640625 0.07890625
3 0.35859375 0.45234375 0.0609375 0.075
3 0.4109375 0.40859375 0.065625 0.08359375
3 0.4953125 0.10625 0.075 0.10859375
3 0.53515625 0.17578125 0.0546875 0.06015625
3 0.675 0.31328125 0.06875 0.08515625
3 0.69296875 0.12421875 0.0609375 0.06875
3 0.85625 0.13515625 0.09375 0.10859375
3 0.83515625 0.24296875 0.0796875 0.08515625
3 0.7703125 0.09609375 0.046875 0.07109375
3 0.71875 0.04140625 0.071875 0.0828125
3 0.7578125 0.42890625 0.078125 0.075
3 0.95234375 0.6 0.0609375 0.05859375
3 0.85546875 0.8125 0.0953125 0.10390625
3 0.728125 0.73984375 0.065625 0.075
3 0.58515625 0.66953125 0.0765625 0.08515625
3 0.51328125 0.61171875 0.0671875 0.08515625
3 0.55625 0.31328125 0.065625 0.06875
3 0.528125 0.2375 0.05 0.05390625
3 0.6890625 0.71796875 0.04375 0.06875
3 0.76640625 0.90625 0.0703125 0.10390625
3 0.64921875 0.92734375 0.0734375 0.1375
3 0.45546875 0.96328125 0.0640625 0.06875