3 0.22578125 0.1625 0.0921875 0.12109375
3 0.10859375 0.221875 0.0953125 0.11015625
3 0.165625 0.29453125 0.0625 0.08984375
3 0.1734375 0.20078125 0.0625 0.08125
3 0.02109375 0.35078125 0.0421875 0.05625
3 0.1140625 0.53125 0.090625 0.09609375
3 0.13828125 0.6125 0.0671875 0.08359375
3 0.2109375 0.62890625 0.090625 0.1125
3 0.2484375 0.771875 0.09375 0.10234375
3 0.17890625 0.83515625 0.0515625 0.09609375
3 0.37421875 0.85859375 0.0609375 0.0875
3 0.43671875 0.84453125 0.0578125 0.08984375
3 0.51953125 0.83515625 0.0640625 0.125
3 0.6 0.84375 0.071875 0.10859375
3 0.5890625 0.96640625 0.10625 0.0625
3 0.55390625 0.65546875 0.0765625 0.10625
3 0.6125 0.553125 0.075 0.08125
3 0.659375 0.640625 0.071875 0.06484375
3 0.67734375 0.47109375 0.0734375 0.09140625
3 0.571875 0.41328125 0.05 0.07265625
3 0.70546875 0.42109375 0.0609375 0.07109375
3 0.62890625 0.38515625 0.0578125 0.05
3 0.83359375 0.31015625 0.0640625 0.07890625
3 0.68515625 0.16796875 0.0796875 0.10234375
3 0.63828125 0.21328125 0.0515625 0.06875
3 0.734375 0.053125 0.078125 0.08515625
3 0.67890625 0.03984375 0.0421875 0.05859375
3 0.18828125 0.978125 0.0890625 0.03515625