3 0.0484375 0.05546875 0.0625 0.07734375
3 0.2828125 0.02265625 0.071875 0.0453125
3 0.4 0.034375 0.05 0.06875
3 0.42890625 0.11484375 0.0453125 0.07109375
3 0.33203125 0.209375 0.0578125 0.08984375
3 0.51015625 0.20859375 0.0453125 0.0625
3 0.4984375 0.27421875 0.04375 0.05625
3 0.596875 0.29921875 0.059375 0.06875
3 0.5859375 0.37265625 0.05 0.05859375
3 0.50546875 0.06875 0.0421875 0.0625
3 0.36953125 0.28671875 0.0421875 0.05234375
3 0.465625 0.39609375 0.05 0.07109375
3 0.51796875 0.49453125 0.0546875 0.06015625
3 0.3703125 0.38203125 0.05625 0.05625
3 0.2328125 0.434375 0.065625 0.06875
3 0.17890625 0.46640625 0.0640625 0.07109375
3 0.11484375 0.49921875 0.0640625 0.07734375
3 0.30078125 0.60078125 0.0609375 0.08515625
3 0.35390625 0.63984375 0.0671875 0.075
3 0.478125 0.740625 0.05 0.06484375
3 0.2078125 0.96953125 0.065625 0.05625
3 0.40078125 0.896875 0.0671875 0.09765625
3 0.57265625 0.803125 0.0671875 0.08125
3 0.784375 0.91171875 0.071875 0.10234375
3 0.86171875 0.609375 0.0578125 0.06015625
3 0.70703125 0.86171875 0.0546875 0.06015625
3 0.39375 0.16015625 0.0375 0.05390625
3 0.0125 0.18046875 0.025 0.08515625