3 0.21171875 0.03125 0.0765625 0.0625
3 0.0828125 0.26171875 0.05 0.06875
3 0.26171875 0.47578125 0.0796875 0.10234375
3 0.3171875 0.67890625 0.0875 0.1
3 0.36640625 0.60390625 0.0734375 0.1
3 0.37265625 0.74296875 0.0546875 0.06875
3 0.67421875 0.56640625 0.1015625 0.12890625
3 0.728125 0.75546875 0.05625 0.08984375
3 0.846875 0.759375 0.096875 0.15234375
3 0.8234375 0.90546875 0.078125 0.13125
3 0.7625 0.428125 0.121875 0.15234375
3 0.58984375 0.30703125 0.0953125 0.10234375
3 0.6875 0.2 0.1 0.15
3 0.65390625 0.05859375 0.0953125 0.11640625
3 0.52734375 0.11875 0.0921875 0.1625
3 0.52734375 0.22578125 0.0921875 0.08515625