3 0.30859375 0.15859375 0.0828125 0.12109375
3 0.30625 0.04296875 0.078125 0.08515625
3 0.4109375 0.12734375 0.071875 0.09609375
3 0.43828125 0.36015625 0.0859375 0.10390625
3 0.34609375 0.41953125 0.0796875 0.09375
3 0.26953125 0.434375 0.0703125 0.09375
3 0.33046875 0.61171875 0.0609375 0.06875
3 0.446875 0.515625 0.065625 0.09375
3 0.34453125 0.803125 0.0796875 0.09765625
3 0.13203125 0.309375 0.0671875 0.06484375
3 0.16328125 0.325 0.0359375 0.05390625
3 0.16640625 0.57578125 0.0546875 0.08125
3 0.73515625 0.61640625 0.0734375 0.09140625
3 0.7078125 0.70234375 0.059375 0.075
3 0.78203125 0.915625 0.0921875 0.11875
3 0.93828125 0.865625 0.1109375 0.12265625
3 0.85703125 0.59453125 0.0859375 0.09765625
3 0.75859375 0.42578125 0.0796875 0.08515625
3 0.784375 0.30859375 0.06875 0.07890625
3 0.82109375 0.2375 0.0734375 0.075
3 0.790625 0.159375 0.071875 0.09375
3 0.921875 0.11640625 0.078125 0.10390625