3 0.03359375 0.31484375 0.0609375 0.06640625
3 0.01015625 0.26328125 0.0203125 0.06875
3 0.4546875 0.41015625 0.090625 0.12890625
3 0.3703125 0.35625 0.065625 0.0875
3 0.35546875 0.22421875 0.0734375 0.09765625
3 0.38671875 0.059375 0.0796875 0.10625
3 0.40625 0.178125 0.053125 0.07734375
3 0.24921875 0.63125 0.0828125 0.0875
3 0.32265625 0.50234375 0.0640625 0.07890625
3 0.4046875 0.77109375 0.078125 0.09140625
3 0.45078125 0.728125 0.0609375 0.08984375
3 0.44375 0.87578125 0.071875 0.09375
3 0.42421875 0.978125 0.0640625 0.03984375
3 0.509375 0.83203125 0.065625 0.07734375
3 0.828125 0.84140625 0.078125 0.075
3 0.9578125 0.81015625 0.0625 0.07890625
3 0.95234375 0.50390625 0.0828125 0.07890625
3 0.9546875 0.38359375 0.078125 0.07890625
3 0.8265625 0.36953125 0.0625 0.07265625
3 0.95390625 0.090625 0.0796875 0.09375
3 0.88984375 0.97265625 0.0578125 0.04609375