3 0.25234375 0.615625 0.1015625 0.11875
3 0.36953125 0.57890625 0.0671875 0.07890625
3 0.25859375 0.44140625 0.0546875 0.10390625
3 0.28203125 0.11015625 0.0609375 0.07109375
3 0.3609375 0.16171875 0.046875 0.06484375
3 0.03203125 0.62265625 0.0640625 0.07890625
3 0.1921875 0.66015625 0.059375 0.06640625
3 0.221875 0.90625 0.078125 0.09140625
3 0.128125 0.90703125 0.05 0.06015625
3 0.2859375 0.978125 0.05 0.03515625
3 0.43359375 0.978125 0.0671875 0.03515625
3 0.50234375 0.9625 0.0609375 0.07109375
3 0.78671875 0.59140625 0.0828125 0.10390625
3 0.81328125 0.85 0.0734375 0.10859375
3 0.690625 0.92265625 0.1 0.14609375
3 0.76875 0.1 0.071875 0.09140625
3 0.83515625 0.159375 0.0796875 0.10234375
3 0.92734375 0.209375 0.0640625 0.08984375
3 0.6984375 0.44140625 0.065625 0.05390625