3 0.02734375 0.17578125 0.0546875 0.07734375
3 0.13046875 0.28671875 0.0390625 0.05234375
3 0.0796875 0.33125 0.0625 0.05859375
3 0.03828125 0.31484375 0.0453125 0.04140625
3 0.08515625 0.47734375 0.0578125 0.06640625
3 0.14765625 0.72109375 0.0609375 0.07109375
3 0.18125 0.76796875 0.065625 0.07734375
3 0.01875 0.83203125 0.0375 0.07734375
3 0.2484375 0.890625 0.065625 0.08515625
3 0.5609375 0.81171875 0.0625 0.07734375
3 0.5703125 0.721875 0.071875 0.10234375
3 0.63359375 0.74375 0.0703125 0.11640625
3 0.77421875 0.88125 0.0859375 0.10390625
3 0.5625 0.4875 0.06875 0.09140625
3 0.43828125 0.41875 0.0546875 0.07890625
3 0.496875 0.309375 0.06875 0.08984375
3 0.40703125 0.315625 0.0734375 0.09375
3 0.33125 0.29609375 0.06875 0.09140625
3 0.2765625 0.29140625 0.046875 0.08359375
3 0.33359375 0.121875 0.0765625 0.10234375
3 0.425 0.12109375 0.05625 0.07109375
3 0.28359375 0.0375 0.0546875 0.075
3 0.0375 0.66328125 0.046875 0.04375
3 0.046875 0.903125 0.059375 0.07265625
3 0.09609375 0.9125 0.0609375 0.07890625
3 0.428125 0.86953125 0.06875 0.08515625