3 0.45 0.059375 0.09375 0.11875
3 0.365625 0.13828125 0.0625 0.08125
3 0.29609375 0.19375 0.0515625 0.0875
3 0.22265625 0.30703125 0.0859375 0.08984375
3 0.35859375 0.02890625 0.0734375 0.0578125
3 0.378125 0.43984375 0.084375 0.10390625
3 0.43046875 0.42578125 0.0609375 0.09375
3 0.41640625 0.58125 0.0703125 0.09140625
3 0.39453125 0.69453125 0.0546875 0.07265625
3 0.3265625 0.74453125 0.084375 0.11015625
3 0.2671875 0.79140625 0.053125 0.09140625
3 0.20859375 0.77734375 0.0609375 0.10390625
3 0.24921875 0.51171875 0.0640625 0.08125
3 0.78828125 0.58671875 0.0515625 0.08125
3 0.9296875 0.54765625 0.05625 0.07890625
3 0.98515625 0.55703125 0.0265625 0.06875
3 0.97890625 0.7625 0.0390625 0.09609375
3 0.84765625 0.759375 0.0546875 0.07734375
3 0.81171875 0.69296875 0.0359375 0.04765625
3 0.74765625 0.85546875 0.0609375 0.08515625
3 0.70078125 0.84140625 0.0359375 0.0625
3 0.9546875 0.25703125 0.084375 0.09765625
3 0.96640625 0.12734375 0.0640625 0.10390625
3 0.8375 0.13203125 0.06875 0.08515625