3 0.159375 0.08125 0.0875 0.12109375
3 0.08671875 0.134375 0.1203125 0.15234375
3 0.15859375 0.24140625 0.0765625 0.10390625
3 0.0875 0.31796875 0.10625 0.11484375
3 0.01953125 0.32734375 0.0390625 0.1
3 0.07265625 0.46015625 0.0859375 0.07890625
3 0.03984375 0.53671875 0.0796875 0.11875
3 0.03046875 0.709375 0.0609375 0.13515625
3 0.16953125 0.934375 0.0890625 0.12734375
3 0.1828125 0.55625 0.078125 0.10390625
3 0.221875 0.51328125 0.05625 0.08515625
3 0.24375 0.55234375 0.05 0.07109375
3 0.128125 0.60234375 0.06875 0.07109375
3 0.5609375 0.96796875 0.096875 0.06015625
3 0.61015625 0.80546875 0.0703125 0.10234375
3 0.61328125 0.659375 0.0765625 0.10234375
3 0.734375 0.684375 0.0875 0.12265625
3 0.87421875 0.778125 0.1265625 0.15625
3 0.66484375 0.5 0.0640625 0.0875
3 0.72109375 0.31875 0.0984375 0.1125
3 0.8078125 0.18984375 0.090625 0.1
3 0.66875 0.171875 0.08125 0.08515625