3 0.07578125 0.04765625 0.1265625 0.0953125
3 0.15078125 0.128125 0.0703125 0.11015625
3 0.07578125 0.196875 0.1140625 0.11875
3 0.0328125 0.41328125 0.065625 0.12265625
3 0.02265625 0.590625 0.0453125 0.13125
3 0.16796875 0.45859375 0.0796875 0.09140625
3 0.21328125 0.42890625 0.0578125 0.07890625
3 0.23203125 0.47890625 0.0578125 0.06640625
3 0.078125 0.36796875 0.0625 0.07734375
3 0.1453125 0.834375 0.109375 0.14375
3 0.5484375 0.9 0.090625 0.10859375
3 0.60078125 0.71875 0.0765625 0.10390625
3 0.59765625 0.57421875 0.0640625 0.10234375
3 0.72734375 0.58828125 0.0921875 0.11875
3 0.8703125 0.665625 0.121875 0.15234375
3 0.71796875 0.225 0.0984375 0.10859375
3 0.8109375 0.1 0.090625 0.10859375
3 0.66875 0.0875 0.075 0.10390625