3 0.18828125 0.55390625 0.0984375 0.10390625
3 0.3140625 0.59140625 0.0625 0.07109375
3 0.3640625 0.49921875 0.05 0.06484375
3 0.4265625 0.48828125 0.053125 0.06875
3 0.4953125 0.43203125 0.071875 0.09765625
3 0.5734375 0.46328125 0.071875 0.07734375
3 0.54765625 0.578125 0.0796875 0.11015625
3 0.5359375 0.30703125 0.065625 0.08984375
3 0.6015625 0.221875 0.065625 0.08125
3 0.6375 0.31171875 0.065625 0.06875
3 0.66484375 0.14921875 0.0671875 0.10234375
3 0.703125 0.12578125 0.034375 0.08125
3 0.8234375 0.05546875 0.0625 0.08515625
3 0.578125 0.12265625 0.04375 0.075
3 0.22578125 0.21171875 0.0890625 0.11484375
3 0.13125 0.13515625 0.084375 0.11640625
3 0.271875 0.37265625 0.05 0.07890625
3 0.1828125 0.43515625 0.040625 0.06640625
3 0.2390625 0.89609375 0.090625 0.11640625
3 0.52421875 0.86015625 0.0953125 0.13359375
3 0.48671875 0.89609375 0.0796875 0.12109375
3 0.46015625 0.95546875 0.0765625 0.07734375
3 0.625 0.91328125 0.084375 0.12734375
3 0.78359375 0.89140625 0.0953125 0.12890625
3 0.7109375 0.75625 0.0875 0.12890625
3 0.896875 0.725 0.05 0.0625
3 0.60390625 0.75859375 0.0484375 0.0625
3 0.0546875 0.88828125 0.065625 0.07265625