3 0.4234375 0.17109375 0.071875 0.1
3 0.46796875 0.32421875 0.0515625 0.07265625
3 0.53359375 0.37890625 0.0671875 0.09140625
3 0.44140625 0.48984375 0.0703125 0.09140625
3 0.51015625 0.53125 0.0640625 0.07890625
3 0.4640625 0.59609375 0.0625 0.075
3 0.31875 0.43203125 0.084375 0.10234375
3 0.54296875 0.65546875 0.0453125 0.06484375
3 0.5640625 0.81875 0.053125 0.07109375
3 0.55078125 0.86796875 0.0390625 0.04765625
3 0.46328125 0.97109375 0.0421875 0.05390625
3 0.03984375 0.9625 0.0796875 0.07109375