3 0.10625 0.41015625 0.09375 0.10859375
3 0.22578125 0.35078125 0.0921875 0.12265625
3 0.159375 0.35703125 0.05 0.07265625
3 0.1671875 0.44375 0.04375 0.07890625
3 0.2359375 0.12265625 0.04375 0.0375
3 0.31953125 0.02578125 0.0734375 0.0515625
3 0.021875 0.49921875 0.04375 0.06015625
3 0.1109375 0.70625 0.0875 0.1
3 0.14921875 0.765625 0.0765625 0.08515625
3 0.22109375 0.82890625 0.0953125 0.125
3 0.26171875 0.95078125 0.0953125 0.09375
3 0.56640625 0.81328125 0.0765625 0.10625
3 0.62890625 0.7125 0.0765625 0.0875
3 0.69140625 0.63203125 0.0796875 0.08984375
3 0.6703125 0.80625 0.078125 0.07890625
3 0.5875 0.55625 0.053125 0.08359375
3 0.6484375 0.35234375 0.0625 0.08359375
3 0.6953125 0.3 0.08125 0.09609375
3 0.7453125 0.21484375 0.08125 0.125
3 0.69140625 0.16328125 0.0453125 0.07265625
3 0.8515625 0.43984375 0.0625 0.08359375
3 0.7234375 0.565625 0.065625 0.07734375