3 0.12265625 0.25546875 0.0578125 0.06484375
3 0.14140625 0.39453125 0.0453125 0.05234375
3 0.1734375 0.41796875 0.05625 0.05625
3 0.21875 0.35859375 0.034375 0.05859375
3 0.18515625 0.55390625 0.0515625 0.0625
3 0.0328125 0.53828125 0.040625 0.05234375
3 0.01015625 0.51796875 0.0203125 0.05625
3 0.1140625 0.890625 0.05 0.07734375
3 0.259375 0.865625 0.05625 0.07734375
3 0.32265625 0.97734375 0.0609375 0.04140625
3 0.64140625 0.94296875 0.0828125 0.11015625
3 0.7078125 0.95078125 0.075 0.09375
3 0.596875 0.88828125 0.05 0.07734375
3 0.6453125 0.68515625 0.06875 0.09609375
3 0.4859375 0.48984375 0.075 0.09140625
3 0.5171875 0.57578125 0.071875 0.07734375
3 0.58046875 0.47421875 0.0734375 0.09375
3 0.409375 0.44765625 0.071875 0.09140625
3 0.3546875 0.42578125 0.0375 0.06484375
3 0.41640625 0.30390625 0.0828125 0.1
3 0.5109375 0.25703125 0.065625 0.07734375
3 0.3734375 0.1625 0.0625 0.07890625
3 0.0359375 0.621875 0.046875 0.04375
3 0.04609375 0.30625 0.0390625 0.0375