3 0.046875 0.11171875 0.09375 0.14765625
3 0.05390625 0.02109375 0.1015625 0.04140625
3 0.10546875 0.034375 0.0546875 0.06875
3 0.2078125 0.09765625 0.071875 0.1125
3 0.24453125 0.096875 0.0484375 0.10234375
3 0.25390625 0.17578125 0.0640625 0.05625
3 0.1953125 0.36640625 0.10625 0.125
3 0.08046875 0.42890625 0.1203125 0.12109375
3 0.1328125 0.55078125 0.06875 0.08984375
3 0.21640625 0.55 0.0953125 0.1
3 0.171875 0.45625 0.075 0.07109375
3 0.06796875 0.66171875 0.0890625 0.08125
3 0.16484375 0.66953125 0.0765625 0.06875
3 0.05546875 0.90078125 0.1109375 0.14375
3 0.56875 0.67734375 0.08125 0.09140625
3 0.6671875 0.66015625 0.075 0.11640625
3 0.81953125 0.74453125 0.0828125 0.10625
3 0.5859375 0.45078125 0.0875 0.07734375
3 0.63359375 0.32890625 0.0671875 0.09140625
3 0.6765625 0.25390625 0.075 0.0875
3 0.63203125 0.159375 0.0796875 0.10234375
3 0.6453125 0.071875 0.078125 0.08125
3 0.75625 0.11484375 0.084375 0.12109375
3 0.89921875 0.14453125 0.1140625 0.16484375
3 0.8359375 0.54921875 0.078125 0.08125
3 0.7640625 0.95703125 0.1125 0.08125