3 0.5046875 0.44140625 0.10625 0.12890625
3 0.53359375 0.37109375 0.0734375 0.09609375
3 0.4046875 0.33671875 0.103125 0.13515625
3 0.453125 0.09453125 0.08125 0.12265625
3 0.57578125 0.640625 0.0890625 0.13515625
3 0.53203125 0.73515625 0.0828125 0.0875
3 0.6171875 0.84296875 0.090625 0.11015625
3 0.3015625 0.86015625 0.059375 0.09609375
3 0.16015625 0.50234375 0.0640625 0.08359375
3 0.21015625 0.53359375 0.0484375 0.075
3 0.0734375 0.46640625 0.078125 0.075
3 0.04609375 0.628125 0.0890625 0.08984375
3 0.05234375 0.25234375 0.0703125 0.08359375