3 0.04296875 0.07421875 0.0765625 0.08515625
3 0.025 0.37890625 0.05 0.12890625
3 0.03984375 0.56875 0.0796875 0.10390625
3 0.2046875 0.259375 0.071875 0.06875
3 0.40625 0.09921875 0.084375 0.12265625
3 0.4875 0.06796875 0.06875 0.09375
3 0.39296875 0.02109375 0.0859375 0.04140625
3 0.44453125 0.36171875 0.0765625 0.09765625
3 0.5390625 0.30625 0.084375 0.10859375
3 0.36328125 0.38359375 0.0765625 0.0875
3 0.275 0.52109375 0.071875 0.07890625
3 0.44765625 0.46953125 0.0515625 0.08125
3 0.5453125 0.46171875 0.05625 0.09375
3 0.42734375 0.55234375 0.0578125 0.05390625
3 0.44609375 0.74140625 0.0796875 0.09609375
3 0.31640625 0.94453125 0.0734375 0.10625
3 0.78125 0.96328125 0.090625 0.06875
3 0.88046875 0.85703125 0.0984375 0.12265625
3 0.95703125 0.534375 0.0828125 0.10234375
3 0.81796875 0.56640625 0.0640625 0.09609375
3 0.78515625 0.65 0.0546875 0.075
3 0.85546875 0.37578125 0.0859375 0.09375
3 0.8765625 0.25234375 0.078125 0.0875
3 0.91171875 0.18125 0.0734375 0.07109375
3 0.8875 0.09765625 0.084375 0.09140625