3 0.88515625 0.07421875 0.0609375 0.06875
3 0.92578125 0.028125 0.0546875 0.05625
3 0.915625 0.17265625 0.059375 0.06640625
3 0.90390625 0.28359375 0.0484375 0.05390625
3 0.96015625 0.496875 0.0671875 0.06484375
3 0.8640625 0.653125 0.059375 0.06484375
3 0.515625 0.25625 0.06875 0.09140625
3 0.5359375 0.34140625 0.0625 0.07109375
3 0.528125 0.42421875 0.04375 0.07265625
3 0.396875 0.41328125 0.05625 0.06484375
3 0.4359375 0.51953125 0.065625 0.06484375
3 0.25234375 0.71796875 0.0609375 0.06875
3 0.246875 0.26484375 0.065625 0.07890625
3 0.36484375 0.27578125 0.0421875 0.05625
3 0.33203125 0.10703125 0.0546875 0.06875
3 0.37734375 0.08046875 0.0515625 0.06484375
3 0.1859375 0.07265625 0.065625 0.07890625
3 0.0296875 0.03125 0.059375 0.05859375
3 0.08984375 0.190625 0.0484375 0.05625
3 0.0296875 0.340625 0.05625 0.06875
3 0.06953125 0.50234375 0.0453125 0.04140625
3 0.1484375 0.575 0.05625 0.05859375
3 0.19609375 0.534375 0.0515625 0.05234375
3 0.22734375 0.496875 0.0453125 0.06875
3 0.065625 0.640625 0.05625 0.05234375
3 0.421875 0.92734375 0.053125 0.0875
3 0.49453125 0.85625 0.0671875 0.07890625