3 0.38359375 0.58671875 0.0609375 0.06875
3 0.47578125 0.37890625 0.0671875 0.06640625
3 0.53515625 0.51953125 0.0453125 0.05625
3 0.51328125 0.64453125 0.0390625 0.04765625
3 0.5546875 0.58984375 0.046875 0.05859375
3 0.41796875 0.41953125 0.0390625 0.03984375
3 0.5734375 0.353125 0.04375 0.04765625
3 0.5859375 0.29296875 0.053125 0.06015625
3 0.14296875 0.85390625 0.0671875 0.075
3 0.11015625 0.64765625 0.0453125 0.05
3 0.1109375 0.61015625 0.05 0.03359375
3 0.11171875 0.57734375 0.0515625 0.05
3 0.2 0.56796875 0.053125 0.04765625
3 0.103125 0.4125 0.053125 0.05859375
3 0.05 0.534375 0.0375 0.06015625
3 0.6921875 0.19765625 0.05625 0.0875
3 0.7265625 0.15390625 0.059375 0.07109375
3 0.7765625 0.096875 0.065625 0.09375
3 0.95 0.20390625 0.08125 0.09609375
3 0.865625 0.60625 0.0625 0.06640625
3 0.80234375 0.66640625 0.0578125 0.07109375
3 0.97265625 0.68046875 0.0515625 0.06484375
3 0.9703125 0.60390625 0.05625 0.05390625
3 0.97734375 0.43828125 0.0421875 0.05234375
3 0.76484375 0.46953125 0.0390625 0.04765625
3 0.42265625 0.76015625 0.0515625 0.0625