3 0.1125 0.02578125 0.0625 0.0515625
3 0.29609375 0.27734375 0.0921875 0.1125
3 0.28125 0.36953125 0.075 0.07734375
3 0.4265625 0.22421875 0.0875 0.11015625
3 0.48359375 0.24765625 0.0671875 0.1
3 0.36484375 0.08515625 0.0640625 0.09140625
3 0.46796875 0.425 0.0796875 0.1125
3 0.4484375 0.56796875 0.05625 0.08515625
3 0.35703125 0.57421875 0.0984375 0.11484375
3 0.30078125 0.646875 0.0640625 0.10234375
3 0.228125 0.63203125 0.0875 0.11015625
3 0.34140625 0.96328125 0.0984375 0.06875
3 0.83203125 0.8375 0.0515625 0.07109375
3 0.9046875 0.81484375 0.0625 0.10390625
3 0.8046875 0.75625 0.0625 0.07890625
3 0.92265625 0.41484375 0.0984375 0.09140625
3 0.98125 0.42578125 0.03125 0.10625
3 0.5484375 0.41640625 0.059375 0.075