3 0.05546875 0.51328125 0.0921875 0.09375
3 0.08984375 0.64921875 0.0890625 0.09765625
3 0.1578125 0.71484375 0.096875 0.1
3 0.26953125 0.88359375 0.0921875 0.11640625
3 0.12109375 0.95703125 0.0640625 0.08125
3 0.53828125 0.83828125 0.0796875 0.10625
3 0.76328125 0.67421875 0.0796875 0.10234375
3 0.8078125 0.71015625 0.034375 0.09140625
3 0.60703125 0.68671875 0.0671875 0.08515625
3 0.92734375 0.840625 0.0953125 0.10234375
3 0.73984375 0.41875 0.0796875 0.10390625
3 0.58515625 0.30625 0.0828125 0.1
3 0.59609375 0.17421875 0.0921875 0.13125
3 0.66953125 0.2 0.0703125 0.09609375
3 0.47734375 0.11484375 0.0859375 0.13359375
3 0.36875 0.096875 0.078125 0.12734375
3 0.028125 0.025 0.05625 0.05
3 0.03046875 0.325 0.0453125 0.05859375