3 0.15078125 0.16953125 0.0578125 0.06875
3 0.57421875 0.15 0.0640625 0.09609375
3 0.6109375 0.29609375 0.0625 0.0875
3 0.56484375 0.315625 0.0390625 0.04765625
3 0.665625 0.39921875 0.09375 0.11015625
3 0.6453125 0.53125 0.053125 0.0625
3 0.54453125 0.55078125 0.0515625 0.06875
3 0.5859375 0.69453125 0.06875 0.08984375
3 0.69296875 0.91796875 0.0609375 0.08125
3 0.6984375 0.75703125 0.059375 0.08984375
3 0.81875 0.76171875 0.078125 0.10625
3 0.940625 0.94296875 0.08125 0.08984375
3 0.9328125 0.659375 0.065625 0.09765625
3 0.98203125 0.70625 0.0328125 0.0875
3 0.8625 0.54375 0.078125 0.06640625
3 0.884375 0.59609375 0.0625 0.05390625
3 0.525 0.74765625 0.04375 0.0625
3 0.53515625 0.64140625 0.0359375 0.0625
3 0.6078125 0.02734375 0.084375 0.05390625
3 0.6890625 0.02265625 0.084375 0.0453125
3 0.878125 0.08671875 0.075 0.08125