3 0.296875 0.04765625 0.14375 0.0953125
3 0.8875 0.48828125 0.0984375 0.1125
3 0.11953125 0.515625 0.14453125 0.1390625
3 0.52109375 0.525 0.13046875 0.11953125
3 0.8328125 0.590625 0.1234375 0.10390625
3 0.30546875 0.59140625 0.11484375 0.1140625
3 0.478125 0.6765625 0.11953125 0.0890625
3 0.59921875 0.740625 0.1421875 0.128125
3 0.4046875 0.77734375 0.13046875 0.09296875
3 0.484375 0.08359375 0.134375 0.13359375
3 0.65234375 0.8078125 0.06796875 0.084375
3 0.96875 0.8421875 0.05390625 0.115625
3 0.56953125 0.8546875 0.1109375 0.090625
3 0.89296875 0.86328125 0.084375 0.1125
3 0.440625 0.88125 0.09453125 0.09296875
3 0.0875 0.90859375 0.10703125 0.096875
3 0.5078125 0.9296875 0.11796875 0.12890625
3 0.425 0.95234375 0.0828125 0.07890625
3 0.7734375 0.95390625 0.11796875 0.08359375
3 0.36953125 0.1140625 0.10390625 0.121875
3 0.66015625 0.14140625 0.1109375 0.1140625
3 0.1484375 0.20703125 0.08984375 0.10546875
3 0.3125 0.24609375 0.13984375 0.13046875
3 0.9796875 0.25546875 0.03984375 0.06640625
3 0.10703125 0.0296875 0.075 0.059375
3 0.69765625 0.284375 0.121875 0.1
3 0.6109375 0.3765625 0.11484375 0.128125
3 0.11640625 0.38671875 0.1203125 0.09609375
3 0.70625 0.4140625 0.1171875 0.11953125