4 0.196875 0.425 0.10703125 0.10234375
4 0.178125 0.57265625 0.1109375 0.10078125
4 0.09921875 0.5515625 0.0765625 0.09765625
4 0.2875 0.6625 0.1078125 0.1046875
4 0.31328125 0.553125 0.090625 0.10234375
4 0.415625 0.5484375 0.09375 0.10390625
4 0.4859375 0.4234375 0.09453125 0.0984375
4 0.8109375 0.45546875 0.0984375 0.10390625
4 0.58671875 0.44765625 0.0984375 0.0984375
4 0.5671875 0.52578125 0.10390625 0.09453125
4 0.8953125 0.4640625 0.0671875 0.09921875
4 0.75234375 0.53828125 0.1015625 0.10390625
4 0.6734375 0.65703125 0.09375 0.096875
4 0.74375 0.6484375 0.04765625 0.08515625
4 0.83125 0.5578125 0.05078125 0.08828125