1 0.39609375 0.33515625 0.15546875 0.1515625
1 0.778125 0.16484375 0.15546875 0.1515625
1 0.740625 0.3234375 0.1375 0.1359375
1 0.83984375 0.28828125 0.11953125 0.1296875
1 0.7359375 0.6125 0.1296875 0.1171875
1 0.59453125 0.5453125 0.11015625 0.10625
1 0.3546875 0.59609375 0.090625 0.078125
1 0.35390625 0.7453125 0.08828125 0.0796875
1 0.44296875 0.9 0.09375 0.0921875
1 0.23203125 0.053125 0.11953125 0.10546875
1 0.7765625 0.0234375 0.15546875 0.046875
1 0.6359375 0.0375 0.071875 0.075
1 0.3234375 0.9453125 0.08828125 0.08828125
1 0.521875 0.18515625 0.1140625 0.09375
1 0.53984375 0.31796875 0.103125 0.08359375
1 0.62265625 0.36171875 0.08671875 0.09609375