3 0.015625 0.70078125 0.028125 0.08125
3 0.73984375 0.865625 0.0796875 0.11015625
3 0.7125 0.340625 0.08125 0.11015625
3 0.68203125 0.74375 0.0734375 0.09140625
3 0.5609375 0.09375 0.0625 0.08359375
3 0.5015625 0.14375 0.0625 0.08359375
3 0.578125 0.15390625 0.059375 0.07890625
3 0.6453125 0.16875 0.0625 0.08359375
3 0.23125 0.07890625 0.0625 0.08359375
3 0.815625 0.8 0.06875 0.1
3 0.171875 0.22265625 0.06875 0.09140625
3 0.384375 0.1875 0.059375 0.07890625
3 0.4890625 0.26875 0.059375 0.07890625