4 0.50859375 0.171875 0.1671875 0.1234375
4 0.459375 0.27890625 0.1296875 0.08046875
4 0.50703125 0.378125 0.17265625 0.12421875
4 0.66015625 0.45390625 0.15859375 0.1046875
4 0.628125 0.33125 0.1046875 0.115625
4 0.684375 0.5953125 0.1484375 0.14921875
4 0.54453125 0.67734375 0.16640625 0.140625
4 0.4921875 0.546875 0.18515625 0.14375
4 0.35 0.53203125 0.10078125 0.10546875
4 0.30625 0.7421875 0.1609375 0.13671875
4 0.52890625 0.80390625 0.1609375 0.09765625
4 0.4296875 0.940625 0.16640625 0.07734375
4 0.41796875 0.68046875 0.07734375 0.09765625