3 0.15078125 0.546875 0.02421875 0.03515625
3 0.87890625 0.5546875 0.0234375 0.0421875
3 0.83515625 0.55859375 0.03046875 0.04921875
3 0.73046875 0.56796875 0.03125 0.0296875
3 0.325 0.5734375 0.025 0.03359375
3 0.69609375 0.578125 0.0265625 0.03515625
3 0.65703125 0.5796875 0.03046875 0.065625
3 0.27890625 0.59453125 0.021875 0.02109375
3 0.32890625 0.6046875 0.021875 0.03203125
3 0.4015625 0.62265625 0.0171875 0.02109375
3 0.471875 0.62734375 0.0140625 0.0296875
3 0.38125 0.6328125 0.01640625 0.0234375
3 0.35625 0.634375 0.01484375 0.025
3 0.31171875 0.64140625 0.01484375 0.0234375
3 0.32890625 0.646875 0.015625 0.0265625
3 0.43359375 0.65625 0.0140625 0.0265625
3 0.70625 0.6625 0.03125 0.0390625
3 0.58046875 0.68125 0.01953125 0.03203125
3 0.52890625 0.68203125 0.01640625 0.03359375
3 0.3828125 0.68984375 0.0171875 0.0375
3 0.11640625 0.7140625 0.034375 0.03515625
3 0.48203125 0.7328125 0.01953125 0.03671875
3 0.66875 0.75078125 0.0390625 0.0390625
3 0.46171875 0.75546875 0.0109375 0.025
3 0.4984375 0.76875 0.01953125 0.02109375
3 0.69921875 0.79296875 0.034375 0.04453125
3 0.078125 0.8046875 0.034375 0.04609375
3 0.50703125 0.8125 0.01953125 0.028125
3 0.10859375 0.87890625 0.0203125 0.0421875
3 0.32890625 0.8921875 0.01953125 0.0234375
3 0.70859375 0.903125 0.03203125 0.04375
3 0.4734375 0.93203125 0.02890625 0.03046875
3 0.3203125 0.9390625 0.02109375 0.028125
3 0.07109375 0.93984375 0.0296875 0.05078125
3 0.25546875 0.97265625 0.021875 0.04765625
3 0.471875 0.13828125 0.02890625 0.06015625
3 0.346875 0.140625 0.028125 0.0375
3 0.4390625 0.14765625 0.03125 0.0375
3 0.21484375 0.15234375 0.01953125 0.0296875
3 0.1484375 0.17109375 0.02578125 0.03359375
3 0.38984375 0.18203125 0.03125 0.0390625
3 0.17421875 0.18515625 0.025 0.03359375
3 0.4765625 0.22890625 0.0265625 0.040625
3 0.1640625 0.23984375 0.025 0.03671875
3 0.54375 0.24296875 0.0171875 0.03203125
3 0.7609375 0.26015625 0.03671875 0.04375
3 0.4765625 0.28046875 0.02890625 0.04765625
3 0.42265625 0.28828125 0.03125 0.04765625
3 0.6734375 0.29921875 0.0296875 0.040625
3 0.51171875 0.31171875 0.03046875 0.04609375
3 0.6421875 0.33203125 0.015625 0.03671875
3 0.30625 0.3609375 0.01796875 0.0296875
3 0.171875 0.36328125 0.03515625 0.0390625
3 0.49609375 0.39140625 0.0296875 0.04609375
3 0.24609375 0.39375 0.02578125 0.025
3 0.2984375 0.4234375 0.01328125 0.028125
3 0.24375 0.43125 0.021875 0.0234375
3 0.84296875 0.4328125 0.0203125 0.04765625
3 0.16640625 0.45078125 0.0265625 0.04609375
3 0.659375 0.47421875 0.02421875 0.04921875
3 0.28671875 0.05234375 0.034375 0.04375
3 0.42578125 0.50078125 0.025 0.03515625
3 0.57734375 0.50390625 0.01875 0.04375
3 0.13203125 0.50390625 0.03359375 0.040625
3 0.95703125 0.5171875 0.0125 0.028125
3 0.925 0.52109375 0.01640625 0.0390625
3 0.7203125 0.5234375 0.02890625 0.040625
3 0.790625 0.53046875 0.03359375 0.04375