3 0.7125 0.93359375 0.0625 0.08359375
3 0.7875 0.69609375 0.06875 0.10390625
3 0.7140625 0.56875 0.0625 0.08359375
3 0.690625 0.73671875 0.075 0.11484375
3 0.24609375 0.68046875 0.0640625 0.09375
3 0.4421875 0.82734375 0.0625 0.08359375
3 0.4140625 0.2875 0.059375 0.07890625
3 0.47421875 0.45234375 0.0546875 0.06640625
3 0.9453125 0.1 0.053125 0.07109375
3 0.27109375 0.10078125 0.0640625 0.08515625
3 0.59296875 0.371875 0.0640625 0.08515625
3 0.3390625 0.25390625 0.0625 0.08359375
3 0.63046875 0.546875 0.0640625 0.08515625
3 0.4859375 0.90859375 0.059375 0.07890625
3 0.66015625 0.059375 0.0640625 0.08125
3 0.1890625 0.08671875 0.084375 0.11015625
3 0.90703125 0.14140625 0.0609375 0.07890625
3 0.96953125 0.9125 0.0609375 0.10390625
3 0.83671875 0.81171875 0.0546875 0.07734375