3 0.63828125 0.39765625 0.053125 0.0265625
3 0.409375 0.6015625 0.084375 0.04296875
3 0.29375 0.640625 0.04921875 0.0375
3 0.275 0.0671875 0.0546875 0.04375
3 0.7328125 0.1 0.0625 0.04296875
3 0.01796875 0.1296875 0.03515625 0.04140625
3 0.15390625 0.146875 0.06796875 0.0484375
3 0.21640625 0.015625 0.0515625 0.03125
3 0.5609375 0.22265625 0.034375 0.0453125
3 0.36875 0.228125 0.0625 0.05078125
3 0.51171875 0.23203125 0.0453125 0.0359375
3 0.6625 0.23828125 0.03125 0.025
3 0.628125 0.2421875 0.04375 0.03203125
3 0.809375 0.2421875 0.0421875 0.034375
3 0.96640625 0.24765625 0.0421875 0.04296875
3 0.915625 0.27265625 0.04375 0.0328125
3 0.6484375 0.2859375 0.02890625 0.03203125
3 0.68046875 0.29296875 0.034375 0.03203125
3 0.58671875 0.2953125 0.0421875 0.025
3 0.5375 0.31328125 0.0234375 0.02734375
3 0.7375 0.32265625 0.02734375 0.03046875
3 0.4453125 0.33359375 0.0421875 0.02734375
3 0.39921875 0.35703125 0.034375 0.021875