3 0.678125 0.42734375 0.05546875 0.04765625
3 0.52421875 0.46328125 0.0390625 0.040625
3 0.58359375 0.4703125 0.0390625 0.040625
3 0.7046875 0.471875 0.040625 0.0296875
3 0.66640625 0.49609375 0.04609375 0.03671875
3 0.725 0.50859375 0.040625 0.03515625
3 0.70078125 0.53203125 0.025 0.03203125
3 0.7375 0.5328125 0.03828125 0.0421875
3 0.67734375 0.54375 0.04375 0.03671875
3 0.6484375 0.5515625 0.03203125 0.03671875
3 0.34296875 0.5515625 0.025 0.02109375
3 0.4125 0.57578125 0.0375 0.03515625
3 0.88359375 0.634375 0.025 0.03125
3 0.24609375 0.73671875 0.01796875 0.01953125
3 0.21484375 0.74765625 0.01953125 0.03125
3 0.1875 0.7546875 0.025 0.0265625
3 0.78046875 0.7734375 0.02265625 0.03359375
3 0.75 0.7796875 0.03046875 0.040625
3 0.6984375 0.37578125 0.0390625 0.040625