3 0.32890625 0.496875 0.04375 0.065625
3 0.61796875 0.509375 0.0390625 0.04375
3 0.76640625 0.52578125 0.0625 0.05703125
3 0.58984375 0.559375 0.0515625 0.05703125
3 0.7546875 0.58046875 0.053125 0.04375
3 0.49921875 0.58359375 0.05625 0.05703125
3 0.6234375 0.59921875 0.053125 0.053125
3 0.8140625 0.6125 0.05234375 0.0515625
3 0.478125 0.63046875 0.06953125 0.05625
3 0.76171875 0.64765625 0.06015625 0.065625
3 0.86640625 0.65859375 0.0609375 0.06015625
3 0.88125 0.07109375 0.05234375 0.07109375
3 0.96640625 0.69453125 0.04609375 0.05859375
3 0.9015625 0.70859375 0.04921875 0.053125
3 0.63046875 0.7328125 0.05078125 0.053125
3 0.609375 0.0765625 0.04921875 0.04921875
3 0.0203125 0.796875 0.02265625 0.053125
3 0.871875 0.80078125 0.046875 0.05625
3 0.96484375 0.83515625 0.05546875 0.07109375
3 0.77734375 0.02109375 0.05859375 0.0421875
3 0.4453125 0.215625 0.04375 0.0671875
3 0.846875 0.02421875 0.0578125 0.04609375
3 0.77109375 0.2859375 0.04765625 0.05859375
3 0.7265625 0.32734375 0.06484375 0.0828125
3 0.42421875 0.33203125 0.05390625 0.05625
3 0.93671875 0.0359375 0.04453125 0.06015625
3 0.30859375 0.03671875 0.04921875 0.07109375
3 0.33671875 0.365625 0.04921875 0.0640625
3 0.06953125 0.4125 0.06015625 0.04921875
3 0.20390625 0.45859375 0.0625 0.07734375
3 0.09765625 0.47578125 0.053125 0.07421875
3 0.38125 0.48203125 0.05 0.078125