3 0.02265625 0.61640625 0.0390625 0.06640625
3 0.3125 0.53125 0.059375 0.07890625
3 0.7625 0.49140625 0.0625 0.08359375
3 0.559375 0.55390625 0.0625 0.08359375
3 0.25078125 0.31015625 0.0734375 0.1
3 0.378125 0.85234375 0.059375 0.07890625
3 0.58125 0.590625 0.053125 0.07265625
3 0.7234375 0.5625 0.06875 0.09140625
3 0.065625 0.44375 0.059375 0.07890625
3 0.240625 0.775 0.059375 0.07890625
3 0.73359375 0.43203125 0.0578125 0.07734375
3 0.50625 0.121875 0.046875 0.07265625
3 0.11015625 0.4375 0.0515625 0.075
3 0.290625 0.60546875 0.053125 0.07734375
3 0.396875 0.06875 0.059375 0.07890625
3 0.50078125 0.29921875 0.0515625 0.07265625
3 0.68046875 0.60859375 0.0484375 0.06640625
3 0.79140625 0.38984375 0.0515625 0.06640625
3 0.06953125 0.87890625 0.0515625 0.06640625