3 0.06328125 0.54140625 0.0390625 0.034375
3 0.0171875 0.60390625 0.02421875 0.034375
3 0.10078125 0.6390625 0.034375 0.0375
3 0.865625 0.6640625 0.06484375 0.10234375
3 0.53984375 0.75546875 0.04609375 0.05859375
3 0.4296875 0.76328125 0.0265625 0.07109375
3 0.33515625 0.7859375 0.04453125 0.06015625
3 0.2859375 0.821875 0.05390625 0.07109375
3 0.39921875 0.8265625 0.03203125 0.06484375
3 0.4359375 0.84140625 0.028125 0.04765625
3 0.2453125 0.89375 0.040625 0.04140625
3 0.4703125 0.09296875 0.05234375 0.07734375
3 0.959375 0.109375 0.08046875 0.08828125
3 0.57890625 0.1796875 0.0328125 0.03125
3 0.5234375 0.19921875 0.04453125 0.0390625
3 0.34453125 0.2015625 0.040625 0.0375
3 0.965625 0.20703125 0.06875 0.0796875
3 0.646875 0.2328125 0.04296875 0.05390625
3 0.45859375 0.2375 0.03046875 0.05390625
3 0.08203125 0.246875 0.01640625 0.0265625
3 0.34921875 0.2515625 0.03046875 0.05703125
3 0.04453125 0.26875 0.0390625 0.04140625
3 0.609375 0.28984375 0.0265625 0.05234375
3 0.36640625 0.2984375 0.046875 0.04375
3 0.50546875 0.3375 0.0359375 0.0484375
3 0.10546875 0.375 0.02421875 0.025
3 0.35546875 0.37578125 0.03125 0.0453125
3 0.53125 0.37734375 0.028125 0.0484375
3 0.42890625 0.3953125 0.01953125 0.0453125
3 0.3859375 0.40390625 0.0375 0.05390625
3 0.11328125 0.40390625 0.01640625 0.025
3 0.02890625 0.41640625 0.03515625 0.034375
3 0.22578125 0.44375 0.015625 0.0265625
3 0.965625 0.478125 0.0609375 0.08046875
3 0.65234375 0.4984375 0.05 0.05859375
3 0.909375 0.5125 0.09296875 0.11171875
3 0.6046875 0.52109375 0.03671875 0.05390625
3 0.196875 0.525 0.01796875 0.025