3 0.0234375 0.771875 0.04375 0.07265625
3 0.44296875 0.45546875 0.0640625 0.08515625
3 0.02109375 0.22734375 0.0390625 0.09140625
3 0.38125 0.38125 0.059375 0.07890625
3 0.40234375 0.6 0.0515625 0.06640625
3 0.13046875 0.17109375 0.0578125 0.07890625
3 0.446875 0.80078125 0.05 0.06875
3 0.4859375 0.759375 0.053125 0.07734375
3 0.115625 0.47265625 0.059375 0.07890625
3 0.303125 0.06640625 0.059375 0.07890625
3 0.2484375 0.13984375 0.059375 0.07890625
3 0.48515625 0.33359375 0.0515625 0.07109375
3 0.5671875 0.37734375 0.059375 0.07890625
3 0.3328125 0.259375 0.053125 0.07734375
3 0.2734375 0.09140625 0.0625 0.08359375
3 0.44375 0.909375 0.05625 0.06875
3 0.371875 0.15625 0.053125 0.07109375
3 0.52578125 0.36328125 0.0484375 0.06875