3 0.453125 0.390625 0.021875 0.01796875
3 0.63671875 0.40234375 0.03828125 0.0359375
3 0.44609375 0.42578125 0.04765625 0.02734375
3 0.553125 0.42890625 0.03671875 0.046875
3 0.75234375 0.46640625 0.034375 0.03984375
3 0.65 0.4703125 0.02890625 0.0328125
3 0.5078125 0.4828125 0.06796875 0.046875
3 0.48359375 0.51953125 0.06015625 0.03828125
3 0.41875 0.53046875 0.0515625 0.03984375
3 0.5 0.57109375 0.08671875 0.03828125
3 0.415625 0.58515625 0.075 0.05078125
3 0.77578125 0.6390625 0.0734375 0.0453125
3 0.90078125 0.66953125 0.08046875 0.05078125
3 0.39453125 0.671875 0.09140625 0.06171875
3 0.50859375 0.675 0.09140625 0.0703125
3 0.89609375 0.74453125 0.075 0.06328125
3 0.38515625 0.790625 0.10625 0.0953125
3 0.984375 0.90859375 0.03046875 0.08515625
3 0.02890625 0.2671875 0.0578125 0.06640625
3 0.16171875 0.32890625 0.05703125 0.05625
3 0.478125 0.36015625 0.034375 0.01953125