3 0.590625 0.5328125 0.01953125 0.0234375
3 0.33515625 0.54140625 0.0140625 0.0265625
3 0.60234375 0.55078125 0.015625 0.03046875
3 0.15859375 0.728125 0.0203125 0.025
3 0.1640625 0.75 0.0203125 0.03046875
3 0.25234375 0.01171875 0.01015625 0.01875
3 0.30625 0.10625 0.01484375 0.03046875
3 0.29453125 0.1171875 0.01328125 0.028125
3 0.4578125 0.12890625 0.02109375 0.03046875
3 0.7640625 0.13125 0.01328125 0.02265625
3 0.75234375 0.17734375 0.01953125 0.03984375
3 0.1859375 0.21171875 0.01484375 0.025
3 0.27265625 0.23046875 0.0171875 0.03984375
3 0.33828125 0.24140625 0.0265625 0.03515625
3 0.78984375 0.24296875 0.0140625 0.02265625
3 0.2984375 0.24453125 0.0203125 0.0265625
3 0.37109375 0.25390625 0.015625 0.02109375
3 0.29453125 0.26796875 0.02109375 0.0265625
3 0.65625 0.2703125 0.01796875 0.0359375
3 0.634375 0.309375 0.0125 0.0140625
3 0.44453125 0.31171875 0.0265625 0.034375
3 0.6171875 0.31171875 0.015625 0.03046875
3 0.02421875 0.31171875 0.015625 0.034375
3 0.82421875 0.31328125 0.01484375 0.025
3 0.1875 0.3171875 0.015625 0.0234375
3 0.37421875 0.334375 0.0265625 0.03359375
3 0.64140625 0.33515625 0.01875 0.02109375
3 0.98671875 0.33515625 0.0078125 0.03203125
3 0.8046875 0.34296875 0.015625 0.025
3 0.01875 0.0421875 0.0171875 0.01875
3 0.51640625 0.37890625 0.01953125 0.0375
3 0.3578125 0.384375 0.01875 0.028125
3 0.47578125 0.421875 0.01875 0.034375
3 0.36484375 0.42421875 0.02265625 0.025
3 0.1453125 0.44140625 0.01484375 0.03203125
3 0.3578125 0.44765625 0.0234375 0.01328125
3 0.2671875 0.44921875 0.03046875 0.03671875
3 0.421875 0.45859375 0.0171875 0.04375
3 0.42265625 0.465625 0.01875 0.0234375
3 0.8734375 0.4703125 0.025 0.0390625
3 0.59296875 0.471875 0.009375 0.025
3 0.4 0.48359375 0.01875 0.028125
3 0.41640625 0.49375 0.02421875 0.03046875
3 0.5984375 0.50546875 0.0234375 0.028125