3 0.9140625 0.95 0.0625 0.08359375
3 0.8328125 0.79453125 0.0625 0.08984375
3 0.4390625 0.5875 0.05 0.07109375
3 0.53828125 0.81953125 0.0546875 0.07265625
3 0.790625 0.69609375 0.0625 0.08359375
3 0.45859375 0.67734375 0.0453125 0.0625
3 0.79453125 0.49375 0.0515625 0.075
3 0.65703125 0.54765625 0.0484375 0.06640625
3 0.56875 0.53671875 0.059375 0.08125
3 0.76875 0.31328125 0.046875 0.06875
3 0.5640625 0.609375 0.053125 0.07734375
3 0.34609375 0.56015625 0.0453125 0.05390625
3 0.3984375 0.71171875 0.05 0.06015625
3 0.834375 0.27734375 0.05 0.06640625
3 0.98046875 0.3 0.0390625 0.1