3 0.7796875 0.66328125 0.015625 0.0328125
3 0.659375 0.6828125 0.0296875 0.040625
3 0.2453125 0.0703125 0.028125 0.040625
3 0.73828125 0.7015625 0.03359375 0.06875
3 0.65703125 0.73515625 0.02890625 0.0578125
3 0.9328125 0.7625 0.025 0.046875
3 0.88125 0.7703125 0.0171875 0.03125
3 0.871875 0.79375 0.01796875 0.034375
3 0.0640625 0.09296875 0.01953125 0.0421875
3 0.40234375 0.1109375 0.0125 0.028125
3 0.12265625 0.11640625 0.02265625 0.0359375
3 0.0453125 0.11796875 0.0125 0.0390625
3 0.0671875 0.0140625 0.01953125 0.028125
3 0.265625 0.0140625 0.025 0.028125
3 0.23984375 0.1453125 0.0234375 0.03125
3 0.99140625 0.16015625 0.01484375 0.0265625
3 0.15078125 0.175 0.01015625 0.03125
3 0.2015625 0.01953125 0.021875 0.0390625
3 0.403125 0.1921875 0.0109375 0.01875
3 0.97109375 0.1921875 0.01640625 0.028125
3 0.74609375 0.19375 0.01875 0.034375
3 0.36640625 0.20859375 0.015625 0.0390625
3 0.44921875 0.21953125 0.01015625 0.0234375
3 0.165625 0.22265625 0.01328125 0.0390625
3 0.975 0.2328125 0.0140625 0.021875
3 0.421875 0.2359375 0.0078125 0.021875
3 0.38359375 0.2390625 0.0140625 0.03125
3 0.321875 0.2515625 0.02421875 0.028125
3 0.44296875 0.26796875 0.009375 0.0234375
3 0.45625 0.27265625 0.0109375 0.0265625
3 0.1875 0.278125 0.01484375 0.034375
3 0.20859375 0.28125 0.01171875 0.04375
3 0.39375 0.2828125 0.0109375 0.034375
3 0.725 0.2890625 0.03125 0.059375
3 0.23671875 0.2890625 0.01171875 0.025
3 0.94765625 0.3234375 0.02421875 0.05
3 0.1625 0.3421875 0.01171875 0.01875
3 0.30546875 0.35234375 0.0140625 0.0359375
3 0.984375 0.36015625 0.03046875 0.1046875
3 0.675 0.36875 0.01953125 0.040625
3 0.23828125 0.38203125 0.01015625 0.0328125
3 0.2953125 0.3875 0.0125 0.025
3 0.35546875 0.38984375 0.00859375 0.0265625
3 0.3296875 0.3984375 0.0109375 0.03125
3 0.43515625 0.40625 0.0109375 0.028125
3 0.5796875 0.42109375 0.015625 0.0296875
3 0.528125 0.42734375 0.01484375 0.0234375
3 0.665625 0.428125 0.01640625 0.034375
3 0.425 0.43203125 0.0109375 0.0265625
3 0.628125 0.43515625 0.0140625 0.0359375
3 0.43984375 0.44375 0.00859375 0.01875
3 0.60546875 0.4640625 0.015625 0.03125
3 0.303125 0.46953125 0.01171875 0.0265625
3 0.34609375 0.4734375 0.01171875 0.034375
3 0.69609375 0.48828125 0.01328125 0.0390625
3 0.88125 0.4921875 0.046875 0.059375
3 0.32734375 0.49765625 0.00625 0.0171875
3 0.90625 0.5078125 0.0296875 0.05
3 0.73671875 0.55859375 0.01484375 0.0265625
3 0.90078125 0.56875 0.0515625 0.065625
3 0.98671875 0.6 0.025 0.059375
3 0.32734375 0.603125 0.00859375 0.015625