3 0.20859375 0.17109375 0.065625 0.0359375
3 0.44140625 0.18671875 0.065625 0.0390625
3 0.26953125 0.20703125 0.06796875 0.0359375
3 0.33203125 0.26171875 0.05703125 0.0359375
3 0.1703125 0.290625 0.034375 0.0375
3 0.20859375 0.215625 0.05390625 0.034375
3 0.38203125 0.2640625 0.03671875 0.028125
3 0.378125 0.31328125 0.034375 0.0203125
3 0.45703125 0.34453125 0.028125 0.0171875
3 0.246875 0.50859375 0.05078125 0.0359375
3 0.23046875 0.53828125 0.03984375 0.0265625
3 0.3125 0.54765625 0.05703125 0.0328125
3 0.16640625 0.54453125 0.05390625 0.0359375
3 0.453125 0.54921875 0.0484375 0.0328125
3 0.92890625 0.6640625 0.07421875 0.040625
3 0.98125 0.484375 0.03671875 0.0375
3 0.88671875 0.525 0.034375 0.028125
3 0.859375 0.5328125 0.03671875 0.021875
3 0.85390625 0.40078125 0.0484375 0.0234375
3 0.89765625 0.2890625 0.0625 0.0375
3 0.8765625 0.35390625 0.04296875 0.0234375