3 0.91875 0.1484375 0.07109375 0.0375
3 0.9546875 0.1890625 0.0625 0.040625
3 0.88046875 0.19921875 0.06796875 0.0359375
3 0.9796875 0.24609375 0.040625 0.0390625
3 0.9640625 0.50234375 0.071875 0.0359375
3 0.81640625 0.3609375 0.05390625 0.025
3 0.92890625 0.53125 0.0625 0.040625
3 0.8578125 0.5421875 0.05703125 0.034375
3 0.54140625 0.50390625 0.059375 0.0421875
3 0.41171875 0.43828125 0.05078125 0.0265625
3 0.1875 0.340625 0.03984375 0.025
3 0.33671875 0.32265625 0.03671875 0.0265625
3 0.1875 0.6953125 0.07421875 0.034375
3 0.2171875 0.6734375 0.059375 0.034375
3 0.17578125 0.73046875 0.0625 0.0296875