3 0.31796875 0.1390625 0.07421875 0.040625
3 0.371875 0.18203125 0.0625 0.0359375
3 0.30546875 0.19375 0.065625 0.0375
3 0.434375 0.2421875 0.0625 0.034375
3 0.47734375 0.25078125 0.05078125 0.0265625
3 0.27421875 0.26875 0.04296875 0.0375
3 0.48828125 0.2828125 0.034375 0.03125
3 0.9796875 0.353125 0.040625 0.028125
3 0.94140625 0.396875 0.059375 0.028125
3 0.54140625 0.33125 0.0484375 0.03125
3 0.54296875 0.1625 0.0625 0.0375
3 0.309375 0.36328125 0.034375 0.0203125
3 0.346875 0.5078125 0.07421875 0.040625
3 0.31796875 0.5375 0.0453125 0.021875
3 0.41640625 0.5515625 0.065625 0.028125
3 0.56796875 0.553125 0.05703125 0.03125
3 0.97578125 0.53359375 0.0484375 0.0296875