3 0.8109375 0.0953125 0.07109375 0.040625
3 0.84375 0.13828125 0.06796875 0.0390625
3 0.78984375 0.153125 0.0796875 0.040625
3 0.90234375 0.196875 0.0765625 0.04375
3 0.978125 0.11328125 0.04375 0.0390625
3 0.7171875 0.3203125 0.04296875 0.021875
3 0.75390625 0.23125 0.065625 0.0375
3 0.91015625 0.259375 0.03671875 0.025
3 0.96171875 0.2921875 0.0484375 0.025
3 0.98125 0.32578125 0.03671875 0.0328125
3 0.84375 0.4640625 0.0796875 0.040625
3 0.91484375 0.5046875 0.07421875 0.046875
3 0.81640625 0.49609375 0.065625 0.0328125
3 0.73125 0.50625 0.059375 0.03125
3 0.4234375 0.46796875 0.06796875 0.0421875
3 0.503125 0.4640625 0.07421875 0.034375
3 0.309375 0.39921875 0.0796875 0.0390625
3 0.203125 0.38203125 0.059375 0.0359375
3 0.22890625 0.290625 0.04296875 0.028125
3 0.109375 0.625 0.065625 0.0375
3 0.08125 0.659375 0.07109375 0.0375
3 0.06640625 0.69140625 0.05390625 0.0328125