3 0.81796875 0.51875 0.0625 0.034375
3 0.61953125 0.478125 0.0796875 0.040625
3 0.58828125 0.4984375 0.0625 0.0375
3 0.67734375 0.51796875 0.059375 0.0296875
3 0.515625 0.51328125 0.0484375 0.0234375
3 0.44453125 0.47890625 0.03671875 0.0171875
3 0.54296875 0.33671875 0.028125 0.0203125
3 0.8 0.34375 0.0484375 0.025
3 0.76875 0.30546875 0.0484375 0.0203125
3 0.7203125 0.27578125 0.05390625 0.0296875
3 0.69453125 0.21953125 0.059375 0.0359375
3 0.73125 0.22578125 0.05390625 0.0296875
3 0.64765625 0.15859375 0.06796875 0.0359375
3 0.596875 0.1203125 0.06796875 0.0375
3 0.58515625 0.171875 0.0453125 0.03125
3 0.54140625 0.24921875 0.0484375 0.0328125
3 0.22265625 0.471875 0.059375 0.034375
3 0.121875 0.40390625 0.0625 0.0328125
3 0.05703125 0.290625 0.03984375 0.028125