3 0.8875 0.13984375 0.059375 0.0390625
3 0.91875 0.17890625 0.07109375 0.0421875
3 0.859375 0.19140625 0.059375 0.0328125
3 0.9625 0.23828125 0.075 0.0453125
3 0.77265625 0.35546875 0.05078125 0.0296875
3 0.98125 0.29765625 0.03671875 0.0328125
3 0.92734375 0.4984375 0.07109375 0.04375
3 0.89921875 0.52578125 0.0484375 0.0359375
3 0.82265625 0.5390625 0.065625 0.0375
3 0.51171875 0.50234375 0.06796875 0.0359375
3 0.36953125 0.43671875 0.05078125 0.0328125
3 0.18046875 0.67109375 0.05390625 0.0421875
3 0.15078125 0.69921875 0.07421875 0.0390625
3 0.13046875 0.73359375 0.0625 0.0359375