3 0.6515625 0.53125 0.04921875 0.03984375
3 0.24453125 0.05703125 0.06796875 0.04296875
3 0.69296875 0.55546875 0.05546875 0.03828125
3 0.5484375 0.56640625 0.04921875 0.03828125
3 0.87890625 0.59609375 0.04453125 0.04140625
3 0.809375 0.60390625 0.0453125 0.04140625
3 0.75 0.6171875 0.0546875 0.03203125
3 0.78046875 0.65703125 0.06875 0.04296875
3 0.6859375 0.68359375 0.0453125 0.034375
3 0.87890625 0.75 0.05546875 0.05546875
3 0.8359375 0.81640625 0.07734375 0.04140625
3 0.734375 0.84609375 0.08671875 0.03984375
3 0.3171875 0.165625 0.065625 0.05234375
3 0.39921875 0.21171875 0.0640625 0.0453125
3 0.28125 0.21484375 0.05703125 0.05546875
3 0.19921875 0.23125 0.05859375 0.0484375
3 0.884375 0.02578125 0.08046875 0.0484375
3 0.4890625 0.2328125 0.05703125 0.03828125
3 0.6109375 0.24375 0.07890625 0.04375
3 0.10546875 0.24453125 0.0515625 0.05625
3 0.3640625 0.26015625 0.0640625 0.03984375
3 0.425 0.26953125 0.053125 0.0453125
3 0.70625 0.0296875 0.07890625 0.0484375
3 0.55546875 0.27265625 0.0640625 0.0453125
3 0.484375 0.2828125 0.065625 0.04140625
3 0.0640625 0.29140625 0.0859375 0.06171875
3 0.61640625 0.2984375 0.05703125 0.0484375
3 0.715625 0.29921875 0.0640625 0.05546875
3 0.3734375 0.3140625 0.05703125 0.0375
3 0.4265625 0.31484375 0.04609375 0.034375
3 0.6796875 0.325 0.059375 0.03203125
3 0.1953125 0.325 0.05859375 0.0484375
3 0.57265625 0.32578125 0.0546875 0.03828125
3 0.3328125 0.3546875 0.071875 0.04140625
3 0.4734375 0.3546875 0.02578125 0.034375
3 0.41953125 0.35859375 0.06484375 0.05234375