3 0.96875 0.15625 0.0625 0.040625
3 0.98125 0.19921875 0.03671875 0.0359375
3 0.93203125 0.20546875 0.05703125 0.0296875
3 0.85078125 0.36328125 0.0484375 0.0296875
3 0.9859375 0.50078125 0.028125 0.0328125
3 0.89375 0.53984375 0.0484375 0.0421875
3 0.46875 0.44453125 0.06796875 0.0328125
3 0.2203125 0.33984375 0.04296875 0.0265625
3 0.35390625 0.51796875 0.05390625 0.0296875
3 0.59375 0.50546875 0.06796875 0.0390625
3 0.27421875 0.66640625 0.05390625 0.0359375
3 0.25 0.69453125 0.0625 0.0421875
3 0.23046875 0.72578125 0.0625 0.0328125
3 0.97578125 0.5328125 0.0484375 0.028125