3 0.3625 0.12109375 0.07109375 0.0421875
3 0.590625 0.1421875 0.05703125 0.0375
3 0.41640625 0.16015625 0.065625 0.0359375
3 0.35234375 0.17109375 0.05703125 0.0359375
3 0.48046875 0.22421875 0.05703125 0.0390625
3 0.52421875 0.2328125 0.03671875 0.028125
3 0.51875 0.284375 0.02578125 0.028125
3 0.5765625 0.315625 0.028125 0.01875
3 0.32265625 0.25625 0.03671875 0.034375
3 0.39375 0.49140625 0.065625 0.0390625
3 0.36796875 0.5234375 0.059375 0.034375
3 0.29375 0.53046875 0.05390625 0.0328125
3 0.46015625 0.53359375 0.07421875 0.0265625
3 0.6078125 0.53671875 0.0625 0.0390625
3 0.98125 0.38671875 0.03671875 0.0359375
3 0.04296875 0.4875 0.0625 0.03125