3 0.51875 0.11015625 0.07109375 0.0390625
3 0.559375 0.15546875 0.0625 0.0390625
3 0.50546875 0.165625 0.05078125 0.034375
3 0.72421875 0.13359375 0.0625 0.0390625
3 0.61484375 0.21171875 0.059375 0.0359375
3 0.471875 0.2421875 0.03984375 0.034375
3 0.64765625 0.27109375 0.03984375 0.0234375
3 0.65625 0.22421875 0.0453125 0.0265625
3 0.703125 0.303125 0.04296875 0.025
3 0.71875 0.34140625 0.034375 0.0171875
3 0.4703125 0.33125 0.03125 0.021875
3 0.5453125 0.4734375 0.06796875 0.0375
3 0.73984375 0.515625 0.05390625 0.03125
3 0.60546875 0.51484375 0.0625 0.0265625
3 0.5140625 0.50390625 0.05078125 0.0296875
3 0.42890625 0.50703125 0.0453125 0.0296875
3 0.13671875 0.47265625 0.0625 0.0421875
3 0.0484375 0.39609375 0.034375 0.0171875