3 0.846875 0.13046875 0.06796875 0.0390625
3 0.875 0.17265625 0.07421875 0.0390625
3 0.93046875 0.23046875 0.08203125 0.0359375
3 0.79375 0.26328125 0.05390625 0.0390625
3 0.89453125 0.4953125 0.07421875 0.04375
3 0.859375 0.52578125 0.059375 0.0296875
3 0.9640625 0.53984375 0.071875 0.0390625
3 0.77734375 0.534375 0.05390625 0.034375
3 0.4671875 0.4984375 0.065625 0.0375
3 0.33359375 0.4296875 0.065625 0.028125
3 0.1390625 0.665625 0.05703125 0.0375
3 0.10390625 0.6984375 0.065625 0.0375
3 0.0921875 0.73515625 0.0765625 0.0359375