3 0.7171875 0.1140625 0.07109375 0.040625
3 0.76171875 0.1578125 0.0796875 0.040625
3 0.69609375 0.1671875 0.0625 0.034375
3 0.80703125 0.2140625 0.07421875 0.040625
3 0.90625 0.1359375 0.0796875 0.040625
3 0.66484375 0.2453125 0.028125 0.03125
3 0.8578125 0.22578125 0.05078125 0.0328125
3 0.825 0.27109375 0.0484375 0.0234375
3 0.871875 0.30078125 0.0453125 0.0296875
3 0.903125 0.340625 0.05078125 0.025
3 0.653125 0.33359375 0.03984375 0.0234375
3 0.934375 0.51640625 0.0625 0.0390625
3 0.74140625 0.47421875 0.05703125 0.0421875
3 0.80390625 0.5125 0.06796875 0.0375
3 0.71171875 0.50234375 0.059375 0.0328125
3 0.640625 0.50625 0.05390625 0.03125
3 0.33828125 0.46875 0.05703125 0.0375
3 0.22890625 0.40078125 0.07109375 0.0328125
3 0.1078125 0.37421875 0.05703125 0.0390625
3 0.159375 0.28828125 0.05078125 0.0328125
3 0.08515625 0.47890625 0.06796875 0.0390625
3 0.04140625 0.6296875 0.0484375 0.03125