3 0.64765625 0.1234375 0.06796875 0.04375
3 0.63203125 0.1734375 0.065625 0.03125
3 0.69140625 0.16171875 0.065625 0.0390625
3 0.73984375 0.221875 0.05390625 0.034375
3 0.77421875 0.22890625 0.05390625 0.0359375
3 0.58203125 0.2453125 0.0625 0.034375
3 0.77109375 0.27890625 0.0484375 0.0234375
3 0.80703125 0.31015625 0.03984375 0.0265625
3 0.66796875 0.47890625 0.06796875 0.0390625
3 0.63515625 0.50234375 0.05390625 0.0359375
3 0.86484375 0.5203125 0.065625 0.034375
3 0.72578125 0.515625 0.059375 0.034375
3 0.565625 0.51328125 0.03984375 0.0296875
3 0.5921875 0.3359375 0.04296875 0.021875
3 0.84375 0.346875 0.034375 0.021875
3 0.2640625 0.47109375 0.05703125 0.0390625
3 0.17578125 0.4 0.0453125 0.03125
3 0.04140625 0.3765625 0.0484375 0.021875
3 0.0953125 0.290625 0.059375 0.028125
3 0.02421875 0.48125 0.04296875 0.03125
3 0.840625 0.1453125 0.05703125 0.03125