3 0.546875 0.1171875 0.07109375 0.0375
3 0.590625 0.15546875 0.06796875 0.0359375
3 0.53125 0.16484375 0.05078125 0.0328125
3 0.64453125 0.215625 0.06796875 0.03125
3 0.68203125 0.22578125 0.05703125 0.0296875
3 0.4984375 0.2421875 0.03125 0.0375
3 0.671875 0.27265625 0.03671875 0.0234375
3 0.7203125 0.30546875 0.04296875 0.0234375
3 0.07421875 0.3953125 0.05078125 0.028125
3 0.56953125 0.475 0.059375 0.034375
3 0.62890625 0.51484375 0.059375 0.0328125
3 0.54140625 0.5015625 0.0484375 0.034375
3 0.16796875 0.46875 0.06796875 0.0375
3 0.77109375 0.51640625 0.05390625 0.0359375