3 0.284375 0.15390625 0.0625 0.0390625
3 0.340625 0.19375 0.06796875 0.034375
3 0.2796875 0.203125 0.065625 0.034375
3 0.5140625 0.1734375 0.06796875 0.034375
3 0.409375 0.25078125 0.05078125 0.0328125
3 0.45 0.26015625 0.03125 0.0296875
3 0.24140625 0.28046875 0.03984375 0.0328125
3 0.2796875 0.36875 0.03125 0.021875
3 0.44296875 0.31015625 0.03984375 0.0234375
3 0.51953125 0.340625 0.0453125 0.01875
3 0.9515625 0.3578125 0.0453125 0.028125
3 0.91875 0.40625 0.0484375 0.025
3 0.53515625 0.5609375 0.059375 0.03125
3 0.96484375 0.5359375 0.059375 0.028125
3 0.31640625 0.515625 0.059375 0.040625
3 0.29375 0.5453125 0.05390625 0.034375
3 0.22890625 0.553125 0.05390625 0.028125
3 0.38359375 0.5578125 0.06796875 0.0375