3 0.8734375 0.1359375 0.07109375 0.040625
3 0.909375 0.1765625 0.07421875 0.040625
3 0.96015625 0.23984375 0.06796875 0.0421875
3 0.8421875 0.1859375 0.05390625 0.03125
3 0.77109375 0.35 0.059375 0.0375
3 0.925 0.496875 0.0765625 0.040625
3 0.88671875 0.52734375 0.0625 0.0359375
3 0.8140625 0.5390625 0.07109375 0.0375
3 0.503125 0.49921875 0.07421875 0.0390625
3 0.3578125 0.434375 0.05078125 0.03125
3 0.28828125 0.31328125 0.05390625 0.0328125
3 0.16328125 0.67109375 0.07109375 0.0328125
3 0.13671875 0.70078125 0.0625 0.0390625
3 0.1265625 0.7359375 0.065625 0.0375