3 0.209375 0.5296875 0.0671875 0.08125
3 0.25859375 0.56953125 0.04921875 0.06875
3 0.96640625 0.578125 0.0671875 0.09921875
3 0.528125 0.5859375 0.09375 0.11328125
3 0.7796875 0.5875 0.0875 0.096875
3 0.6078125 0.62578125 0.0796875 0.13984375
3 0.85078125 0.66171875 0.0828125 0.1109375
3 0.103125 0.665625 0.0625 0.08125
3 0.93671875 0.69296875 0.08203125 0.0796875
3 0.21640625 0.7703125 0.1015625 0.11796875
3 0.86328125 0.7796875 0.078125 0.10234375
3 0.7015625 0.79453125 0.07578125 0.0828125
3 0.62421875 0.8234375 0.06796875 0.08671875
3 0.346875 0.83984375 0.08671875 0.08828125
3 0.2671875 0.8734375 0.08203125 0.09921875
3 0.48984375 0.9359375 0.12578125 0.11875
3 0.753125 0.103125 0.03984375 0.065625
3 0.80859375 0.1046875 0.04921875 0.0640625
3 0.14296875 0.13828125 0.0390625 0.0375
3 0.17890625 0.1640625 0.04296875 0.05625
3 0.1171875 0.165625 0.0390625 0.04609375
3 0.75078125 0.17109375 0.04609375 0.05859375
3 0.815625 0.171875 0.0484375 0.05859375
3 0.96328125 0.209375 0.07265625 0.07421875
3 0.37421875 0.24296875 0.053125 0.0828125
3 0.41484375 0.2828125 0.05 0.04453125
3 0.86640625 0.2953125 0.05234375 0.0703125
3 0.80625 0.31015625 0.0609375 0.06328125
3 0.928125 0.31328125 0.05078125 0.07421875
3 0.1046875 0.31875 0.06796875 0.040625
3 0.20390625 0.33125 0.0765625 0.05703125
3 0.778125 0.03671875 0.0515625 0.0640625
3 0.721875 0.03828125 0.046875 0.0546875
3 0.9734375 0.34296875 0.05234375 0.078125
3 0.14609375 0.35390625 0.06484375 0.0515625
3 0.12578125 0.4046875 0.05625 0.0640625
3 0.83515625 0.04453125 0.04140625 0.06171875
3 0.39453125 0.46015625 0.09375 0.096875
3 0.59375 0.4828125 0.1109375 0.09765625
3 0.48046875 0.4875 0.08515625 0.10078125