3 0.08515625 0.3640625 0.05703125 0.03125
3 0.02734375 0.37734375 0.0484375 0.0328125
3 0.01875 0.46484375 0.03125 0.0296875
3 0.09765625 0.47109375 0.05390625 0.0203125
3 0.13046875 0.60625 0.05703125 0.034375
3 0.74609375 0.5046875 0.059375 0.034375
3 0.80703125 0.5046875 0.0625 0.034375
3 0.51953125 0.5171875 0.06796875 0.03125
3 0.60234375 0.44921875 0.0453125 0.0296875
3 0.55546875 0.428125 0.0484375 0.025
3 0.43359375 0.6609375 0.0484375 0.034375
3 0.4078125 0.68671875 0.065625 0.0328125
3 0.38515625 0.71796875 0.0484375 0.0359375