3 0.83828125 0.121875 0.07421875 0.04375
3 0.8734375 0.16640625 0.0765625 0.0421875
3 0.91875 0.22421875 0.07109375 0.0359375
3 0.7796875 0.25625 0.059375 0.034375
3 0.7375 0.340625 0.0484375 0.028125
3 0.88359375 0.49140625 0.06796875 0.0359375
3 0.84765625 0.51953125 0.059375 0.0265625
3 0.76953125 0.52734375 0.03984375 0.0328125
3 0.45625 0.496875 0.05390625 0.034375
3 0.32421875 0.42578125 0.0453125 0.0296875
3 0.125 0.6640625 0.0625 0.0375
3 0.096875 0.69296875 0.07421875 0.0390625
3 0.08203125 0.72734375 0.07421875 0.0328125
3 0.8 0.1765625 0.059375 0.040625