3 0.409375 0.11171875 0.0625 0.0421875
3 0.46015625 0.153125 0.0625 0.0375
3 0.403125 0.1640625 0.05703125 0.03125
3 0.63203125 0.1375 0.05390625 0.04375
3 0.3625 0.240625 0.03125 0.034375
3 0.515625 0.21484375 0.059375 0.0359375
3 0.56953125 0.225 0.03125 0.03125
3 0.55859375 0.27578125 0.04296875 0.0296875
3 0.61328125 0.30390625 0.03984375 0.0265625
3 0.4375 0.48046875 0.0625 0.0359375
3 0.409375 0.509375 0.0625 0.0375
3 0.50703125 0.52578125 0.065625 0.0359375
3 0.65234375 0.5265625 0.05390625 0.034375
3 0.02734375 0.48125 0.0484375 0.034375
3 0.36484375 0.33125 0.03671875 0.021875