3 0.1578125 0.16796875 0.059375 0.0421875
3 0.21484375 0.20703125 0.065625 0.0328125
3 0.2828125 0.259375 0.0484375 0.034375
3 0.33671875 0.30859375 0.03125 0.0203125
3 0.125 0.28671875 0.034375 0.0359375
3 0.19609375 0.4984375 0.05703125 0.034375
3 0.25859375 0.53828125 0.0625 0.0328125
3 0.1703125 0.5265625 0.0453125 0.025
3 0.39609375 0.53984375 0.03671875 0.0296875
3 0.83125 0.28203125 0.059375 0.0296875
3 0.82109375 0.3515625 0.034375 0.025
3 0.80390625 0.396875 0.028125 0.025
3 0.91484375 0.478125 0.0625 0.034375
3 0.84375 0.52109375 0.03984375 0.0265625
3 0.80703125 0.5234375 0.03984375 0.03125
3 0.83984375 0.65703125 0.07109375 0.0390625
3 0.4828125 0.37734375 0.03984375 0.0265625
3 0.409375 0.33828125 0.028125 0.0203125