3 0.7484375 0.10625 0.059375 0.040625
3 0.79140625 0.15078125 0.059375 0.0390625
3 0.69921875 0.24140625 0.03984375 0.0359375
3 0.72578125 0.1609375 0.059375 0.040625
3 0.9375 0.1265625 0.06796875 0.03125
3 0.840625 0.209375 0.05703125 0.040625
3 0.875 0.21875 0.034375 0.03125
3 0.8609375 0.26796875 0.0453125 0.0203125
3 0.91015625 0.296875 0.03671875 0.025
3 0.93203125 0.33203125 0.05078125 0.0296875
3 0.6734375 0.32578125 0.05078125 0.0234375
3 0.78125 0.47109375 0.07421875 0.0359375
3 0.74453125 0.5 0.0625 0.034375
3 0.8421875 0.5125 0.0765625 0.034375
3 0.97265625 0.51328125 0.05390625 0.0453125
3 0.6734375 0.50859375 0.03984375 0.0328125
3 0.37109375 0.4671875 0.0765625 0.040625
3 0.17890625 0.29140625 0.0453125 0.0296875
3 0.12890625 0.36953125 0.07109375 0.0453125
3 0.24453125 0.4 0.07421875 0.034375
3 0.04140625 0.65625 0.0765625 0.03125
3 0.06640625 0.634375 0.059375 0.0375
3 0.03671875 0.6828125 0.06796875 0.05