3 0.95859375 0.1578125 0.08203125 0.04375
3 0.97265625 0.19375 0.05390625 0.03125
3 0.91796875 0.20234375 0.0625 0.0328125
3 0.2046875 0.34375 0.05703125 0.03125
3 0.44296875 0.4375 0.05703125 0.025
3 0.578125 0.50390625 0.065625 0.0328125
3 0.83125 0.3640625 0.065625 0.034375
3 0.978125 0.50078125 0.04375 0.0328125
3 0.88515625 0.53671875 0.05390625 0.0296875
3 0.965625 0.53203125 0.05703125 0.0328125
3 0.33359375 0.51484375 0.05390625 0.0265625
3 0.25859375 0.66953125 0.0625 0.0390625
3 0.22421875 0.69609375 0.0625 0.0359375
3 0.20859375 0.728125 0.059375 0.034375