3 0.2046875 0.2890625 0.0453125 0.01875
3 0.159375 0.37734375 0.05078125 0.0328125
3 0.27109375 0.403125 0.07109375 0.034375
3 0.0953125 0.62734375 0.059375 0.0328125
3 0.153125 0.4828125 0.03984375 0.025
3 0.065625 0.659375 0.06796875 0.034375
3 0.04140625 0.69140625 0.059375 0.0359375
3 0.40234375 0.46796875 0.08203125 0.0390625
3 0.784375 0.09921875 0.07421875 0.0421875
3 0.82109375 0.140625 0.06796875 0.040625
3 0.75546875 0.153125 0.06796875 0.03125
3 0.965625 0.12265625 0.06796875 0.0328125
3 0.8734375 0.20078125 0.059375 0.0359375
3 0.91328125 0.20859375 0.059375 0.0296875
3 0.73046875 0.23359375 0.034375 0.0359375
3 0.890625 0.2625 0.07109375 0.034375
3 0.71015625 0.32421875 0.05078125 0.0296875
3 0.825 0.46796875 0.08203125 0.0359375
3 0.78515625 0.4953125 0.07109375 0.0375
3 0.70703125 0.503125 0.05703125 0.0375
3 0.89375 0.50625 0.07109375 0.04375
3 0.940625 0.29140625 0.0453125 0.0203125
3 0.9703125 0.3296875 0.04296875 0.025