3 0.278125 0.06953125 0.0625 0.0328125
3 0.18359375 0.08671875 0.0484375 0.0265625
3 0.11328125 0.24765625 0.08515625 0.0390625
3 0.2171875 0.1875 0.05390625 0.028125
3 0.76171875 0.17109375 0.05078125 0.0296875
3 0.496875 0.06328125 0.05078125 0.0234375
3 0.55859375 0.06875 0.05390625 0.025
3 0.378125 0.15 0.034375 0.021875
3 0.49453125 0.03515625 0.0625 0.0390625
3 0.809375 0.075 0.05703125 0.0375
3 0.97578125 0.22109375 0.0484375 0.0328125
3 0.8125 0.30546875 0.0453125 0.0234375
3 0.753125 0.2984375 0.06796875 0.028125
3 0.72578125 0.37578125 0.04296875 0.0265625
3 0.77109375 0.33828125 0.0484375 0.0328125
3 0.41875 0.484375 0.059375 0.028125
3 0.375 0.4390625 0.05078125 0.01875
3 0.17578125 0.4375 0.0625 0.034375
3 0.03125 0.52421875 0.05078125 0.0296875
3 0.059375 0.55625 0.03984375 0.025
3 0.24609375 0.371875 0.0484375 0.025
3 0.35234375 0.34296875 0.03984375 0.0234375
3 0.2671875 0.2875 0.03984375 0.025