3 0.07421875 0.15 0.0625 0.034375
3 0.13671875 0.1875 0.0796875 0.034375
3 0.21015625 0.2421875 0.05703125 0.03125
3 0.27578125 0.2671875 0.0453125 0.025
3 0.04296875 0.2703125 0.05703125 0.034375
3 0.1078125 0.484375 0.06796875 0.03125
3 0.171875 0.5234375 0.0765625 0.034375
3 0.32265625 0.5234375 0.05390625 0.028125
3 0.409375 0.36015625 0.0625 0.0234375
3 0.2515625 0.29765625 0.03671875 0.0296875
3 0.74609375 0.2703125 0.065625 0.034375
3 0.815625 0.459375 0.05703125 0.034375
3 0.971875 0.446875 0.05078125 0.03125
3 0.75546875 0.6421875 0.0796875 0.034375
3 0.75546875 0.334375 0.034375 0.01875
3 0.73125 0.325 0.03671875 0.021875