3 0.0484375 0.23828125 0.0453125 0.0296875
3 0.1078125 0.2953125 0.0453125 0.01875
3 0.13203125 0.265625 0.05390625 0.028125
3 0.27578125 0.36328125 0.03984375 0.0265625
3 0.58203125 0.271875 0.07421875 0.0375
3 0.621875 0.334375 0.034375 0.028125
3 0.64609375 0.46484375 0.065625 0.0359375
3 0.825 0.44921875 0.0484375 0.0265625
3 0.86328125 0.4953125 0.05703125 0.034375
3 0.91171875 0.62578125 0.05703125 0.0421875
3 0.56953125 0.64921875 0.059375 0.0359375
3 0.16328125 0.16640625 0.059375 0.0234375