3 0.578125 0.10234375 0.065625 0.0328125
3 0.91484375 0.12578125 0.0625 0.0359375
3 0.78828125 0.2296875 0.05390625 0.040625
3 0.86640625 0.23515625 0.03984375 0.0296875
3 0.36953125 0.13515625 0.06796875 0.0359375
3 0.375 0.23125 0.07421875 0.0375
3 0.41875 0.1640625 0.0484375 0.03125
3 0.26953125 0.2828125 0.05703125 0.03125
3 0.54140625 0.33359375 0.059375 0.0328125
3 0.30703125 0.3625 0.0453125 0.034375
3 0.58671875 0.41015625 0.07109375 0.0359375
3 0.77578125 0.471875 0.03984375 0.021875
3 0.80546875 0.5015625 0.0484375 0.01875
3 0.5296875 0.49453125 0.03671875 0.0328125
3 0.5125 0.52578125 0.0484375 0.0296875
3 0.3609375 0.46640625 0.05078125 0.0359375
3 0.2328125 0.459375 0.05703125 0.034375
3 0.234375 0.5125 0.05390625 0.03125