3 0.18203125 0.084375 0.05703125 0.03125
3 0.2828125 0.06484375 0.0484375 0.0359375
3 0.5015625 0.03125 0.059375 0.034375
3 0.565625 0.0609375 0.0453125 0.028125
3 0.51015625 0.0609375 0.0484375 0.021875
3 0.8296875 0.0703125 0.06796875 0.0375
3 0.77734375 0.17265625 0.0484375 0.0328125
3 0.1265625 0.24609375 0.07109375 0.0359375
3 0.215625 0.18125 0.05703125 0.034375
3 0.83125 0.30546875 0.059375 0.0359375
3 0.78125 0.296875 0.0796875 0.028125
3 0.79296875 0.33515625 0.05703125 0.0390625
3 0.74140625 0.37265625 0.06796875 0.0296875
3 0.43046875 0.4859375 0.05390625 0.028125
3 0.19609375 0.43515625 0.0625 0.0359375
3 0.24140625 0.3703125 0.0453125 0.025
3 0.36328125 0.34375 0.05078125 0.03125
3 0.03125 0.525 0.05703125 0.028125
3 0.07109375 0.55546875 0.05078125 0.0296875
3 0.09375 0.47734375 0.0625 0.0296875
3 0.38515625 0.4421875 0.0484375 0.028125