3 0.3125 0.09140625 0.0625 0.0390625
3 0.075 0.121875 0.065625 0.0375
3 0.05703125 0.1515625 0.05703125 0.034375
3 0.1375 0.15390625 0.05390625 0.0265625
3 0.08125 0.225 0.059375 0.034375
3 0.3140625 0.33203125 0.05390625 0.0328125
3 0.16328125 0.37265625 0.0484375 0.0234375
3 0.0328125 0.36484375 0.059375 0.0296875
3 0.11953125 0.46796875 0.05703125 0.0328125
3 0.26875 0.5296875 0.065625 0.025
3 0.28984375 0.4953125 0.05703125 0.028125
3 0.315625 0.41015625 0.06796875 0.0359375
3 0.565625 0.47109375 0.05078125 0.0296875
3 0.58984375 0.50546875 0.04296875 0.0296875
3 0.809375 0.37890625 0.0625 0.0328125
3 0.86328125 0.41796875 0.05078125 0.0296875
3 0.934375 0.39140625 0.0453125 0.0296875
3 0.8890625 0.29296875 0.0453125 0.0234375
3 0.840625 0.31015625 0.0453125 0.0265625
3 0.80390625 0.17890625 0.0625 0.0359375
3 0.6578125 0.11640625 0.0765625 0.0328125
3 0.86484375 0.11171875 0.05390625 0.0390625
3 0.81953125 0.0171875 0.0484375 0.03125
3 0.55390625 0.2234375 0.034375 0.028125