3 0.91875 0.02265625 0.0765625 0.0328125
3 0.96171875 0.1234375 0.0765625 0.03125
3 0.90625 0.1875 0.0625 0.03125
3 0.74296875 0.12265625 0.0765625 0.0390625
3 0.63359375 0.23203125 0.0453125 0.0265625
3 0.96875 0.30234375 0.0453125 0.0328125
3 0.92890625 0.3265625 0.07421875 0.034375
3 0.89453125 0.3890625 0.07421875 0.03125
3 0.934375 0.428125 0.0625 0.021875
3 0.6265625 0.475 0.04296875 0.025
3 0.71875 0.2375 0.0453125 0.0375
3 0.653125 0.51015625 0.0453125 0.0234375
3 0.346875 0.534375 0.05703125 0.03125
3 0.36640625 0.5046875 0.0453125 0.021875
3 0.41484375 0.41484375 0.0625 0.0359375
3 0.39609375 0.33828125 0.0484375 0.0296875
3 0.4046875 0.09609375 0.059375 0.0296875
3 0.16796875 0.12734375 0.06796875 0.0390625
3 0.07265625 0.2890625 0.05390625 0.04375
3 0.17578125 0.225 0.07421875 0.040625
3 0.1578125 0.15546875 0.059375 0.0296875
3 0.1265625 0.3671875 0.0765625 0.034375
3 0.22578125 0.38203125 0.0484375 0.0140625
3 0.05 0.4609375 0.065625 0.034375
3 0.19453125 0.47109375 0.0484375 0.0390625
3 0.05 0.52265625 0.05390625 0.0359375
3 0.43046875 0.32890625 0.03671875 0.0203125