3 0.07109375 0.29140625 0.0625 0.0328125
3 0.15078125 0.14921875 0.05078125 0.0390625
3 0.22734375 0.13125 0.06796875 0.03125
3 0.13671875 0.45859375 0.0625 0.0296875
3 0.02109375 0.5359375 0.03671875 0.03125
3 0.0484375 0.56796875 0.0453125 0.0265625
3 0.3625 0.50625 0.04296875 0.028125
3 0.2 0.39609375 0.0484375 0.0265625
3 0.89609375 0.40234375 0.065625 0.0359375
3 0.98125 0.540625 0.03671875 0.0375
3 0.7 0.35 0.065625 0.03125
3 0.63203125 0.40546875 0.059375 0.0265625
3 0.66875 0.22265625 0.05390625 0.0328125
3 0.70703125 0.13203125 0.06796875 0.0328125
3 0.48125 0.12265625 0.059375 0.0296875
3 0.42890625 0.1265625 0.05703125 0.028125
3 0.8734375 0.265625 0.0484375 0.034375
3 0.61796875 0.34453125 0.05390625 0.0328125