3 0.66796875 0.11953125 0.06796875 0.0359375
3 0.88046875 0.24375 0.02265625 0.025
3 0.47265625 0.14921875 0.065625 0.0265625
3 0.52734375 0.175 0.04296875 0.03125
3 0.47421875 0.246875 0.0625 0.028125
3 0.36640625 0.29765625 0.0453125 0.0234375
3 0.63046875 0.3421875 0.0625 0.03125
3 0.4046875 0.3796875 0.0484375 0.034375
3 0.32421875 0.46796875 0.05078125 0.0328125
3 0.453125 0.47734375 0.059375 0.0328125
3 0.06796875 0.44765625 0.0625 0.0328125
3 0.3296875 0.5265625 0.0796875 0.034375
3 0.60625 0.53203125 0.05390625 0.0296875
3 0.61640625 0.50078125 0.0625 0.0265625
3 0.6859375 0.4171875 0.059375 0.028125
3 0.8625 0.4796875 0.05390625 0.03125
3 0.89375 0.51171875 0.04296875 0.0265625