3 0.69765625 0.18671875 0.0484375 0.0234375
3 0.8890625 0.15546875 0.0625 0.0265625
3 0.69296875 0.28671875 0.05078125 0.0296875
3 0.75 0.2171875 0.05078125 0.021875
3 0.55 0.19375 0.03125 0.01875
3 0.590625 0.3421875 0.0625 0.03125
3 0.61796875 0.425 0.059375 0.034375
3 0.83828125 0.38515625 0.05703125 0.0328125
3 0.92578125 0.4578125 0.06796875 0.03125
3 0.65625 0.52109375 0.0453125 0.0296875
3 0.5484375 0.51953125 0.0453125 0.0328125
3 0.85625 0.54609375 0.04296875 0.0171875
3 0.82265625 0.5796875 0.065625 0.03125
3 0.5484375 0.571875 0.07421875 0.034375
3 0.28671875 0.4984375 0.05703125 0.034375
3 0.11484375 0.44140625 0.065625 0.0328125
3 0.14453125 0.4875 0.0625 0.028125
3 0.19765625 0.61328125 0.05390625 0.0296875
3 0.22578125 0.65234375 0.059375 0.0265625
3 0.1125 0.3421875 0.04296875 0.021875