3 0.04140625 0.4796875 0.03671875 0.03125
3 0.49140625 0.38984375 0.05703125 0.0328125
3 0.28828125 0.21328125 0.04296875 0.0203125
3 0.1234375 0.11640625 0.04296875 0.0265625
3 0.08671875 0.11015625 0.059375 0.0203125
3 0.340625 0.325 0.03984375 0.025
3 0.7328125 0.26328125 0.0625 0.0328125
3 0.61796875 0.5140625 0.04296875 0.025
3 0.0640625 0.08359375 0.04296875 0.0234375
3 0.94296875 0.08671875 0.05703125 0.0328125
3 0.95859375 0.1234375 0.05390625 0.0375
3 0.92890625 0.26484375 0.034375 0.0203125
3 0.8921875 0.32734375 0.03984375 0.0296875
3 0.921875 0.36953125 0.0484375 0.0328125
3 0.9671875 0.37265625 0.059375 0.0265625
3 0.971875 0.40234375 0.0453125 0.0234375
3 0.90234375 0.4046875 0.03125 0.01875
3 0.8453125 0.4984375 0.04296875 0.021875
3 0.878125 0.4578125 0.0453125 0.03125
3 0.90078125 0.48125 0.03984375 0.028125
3 0.05703125 0.440625 0.03984375 0.01875
3 0.32421875 0.1265625 0.05703125 0.03125