3 0.778125 0.1203125 0.0625 0.040625
3 0.93359375 0.02265625 0.059375 0.0296875
3 0.9828125 0.1234375 0.034375 0.04375
3 0.93203125 0.18359375 0.05703125 0.0328125
3 0.653125 0.22890625 0.03984375 0.0328125
3 0.9203125 0.3859375 0.0625 0.028125
3 0.96484375 0.4234375 0.04296875 0.03125
3 0.95 0.31796875 0.059375 0.0296875
3 0.64765625 0.47578125 0.05078125 0.0296875
3 0.68046875 0.5078125 0.04296875 0.025
3 0.39765625 0.4953125 0.05078125 0.028125
3 0.4359375 0.41015625 0.05390625 0.0328125
3 0.3734375 0.53125 0.05390625 0.03125
3 0.41640625 0.33515625 0.05390625 0.0359375
3 0.45703125 0.3203125 0.0453125 0.021875
3 0.21484375 0.22578125 0.065625 0.0453125
3 0.43359375 0.0953125 0.059375 0.040625
3 0.08359375 0.51640625 0.059375 0.0359375
3 0.06953125 0.459375 0.059375 0.040625
3 0.2171875 0.4640625 0.059375 0.034375
3 0.15078125 0.3640625 0.07421875 0.0375
3 0.1109375 0.28203125 0.05078125 0.0359375
3 0.2 0.12578125 0.065625 0.0359375
3 0.26171875 0.15390625 0.05703125 0.0359375
3 0.190625 0.15546875 0.0625 0.0328125