3 0.17734375 0.16640625 0.0484375 0.0296875
3 0.06953125 0.23984375 0.0484375 0.0265625
3 0.121875 0.29453125 0.034375 0.0234375
3 0.2984375 0.3640625 0.0453125 0.025
3 0.20625 0.31875 0.04296875 0.025
3 0.5921875 0.2671875 0.07109375 0.0375
3 0.62890625 0.33359375 0.04296875 0.0234375
3 0.66328125 0.46171875 0.07109375 0.0390625
3 0.83515625 0.4484375 0.05703125 0.034375
3 0.878125 0.4953125 0.07421875 0.028125
3 0.58515625 0.6484375 0.08515625 0.034375
3 0.93203125 0.6203125 0.05078125 0.034375
3 0.02265625 0.5203125 0.03984375 0.034375