3 0.22734375 0.1234375 0.05703125 0.0375
3 0.45625 0.090625 0.065625 0.0375
3 0.7953125 0.12109375 0.05703125 0.0390625
3 0.9546875 0.02890625 0.0625 0.0390625
3 0.95703125 0.18515625 0.05703125 0.0390625
3 0.94609375 0.38125 0.06796875 0.034375
3 0.984375 0.42421875 0.03125 0.0359375
3 0.66640625 0.47109375 0.04296875 0.0296875
3 0.703125 0.50390625 0.0484375 0.0203125
3 0.68203125 0.2296875 0.0453125 0.03125
3 0.2359375 0.22421875 0.06796875 0.0296875
3 0.44140625 0.33046875 0.059375 0.0328125
3 0.4671875 0.4046875 0.07109375 0.034375
3 0.41796875 0.49609375 0.03984375 0.0234375
3 0.390625 0.525 0.05390625 0.03125
3 0.25 0.46640625 0.0625 0.0265625
3 0.096875 0.4578125 0.0625 0.03125
3 0.1734375 0.35859375 0.0625 0.0296875