3 0.25546875 0.08359375 0.06796875 0.0390625
3 0.02734375 0.11796875 0.0484375 0.0421875
3 0.08125 0.1421875 0.0765625 0.0375
3 0.03984375 0.2171875 0.07421875 0.04375
3 0.08125 0.45390625 0.065625 0.0359375
3 0.25390625 0.3984375 0.065625 0.0375
3 0.27734375 0.32265625 0.059375 0.0328125
3 0.2515625 0.48203125 0.059375 0.0328125
3 0.22421875 0.5140625 0.0625 0.040625
3 0.5140625 0.4640625 0.0625 0.028125
3 0.54140625 0.4953125 0.0484375 0.03125
3 0.80546875 0.4140625 0.0484375 0.025
3 0.73828125 0.37265625 0.0625 0.0359375
3 0.784375 0.303125 0.05078125 0.03125
3 0.8265625 0.2828125 0.05078125 0.03125
3 0.73828125 0.175 0.0453125 0.0375
3 0.58203125 0.11015625 0.0625 0.0328125
3 0.49140625 0.21484375 0.05078125 0.0328125
3 0.80546875 0.10859375 0.0765625 0.0359375
3 0.9234375 0.27421875 0.0453125 0.0328125