3 0.35390625 0.140625 0.059375 0.03125
3 0.1390625 0.13125 0.05703125 0.021875
3 0.0765625 0.1015625 0.05078125 0.021875
3 0.78515625 0.28125 0.0484375 0.034375
3 0.32421875 0.22578125 0.05078125 0.0296875
3 0.53984375 0.41015625 0.05703125 0.0328125
3 0.315625 0.36875 0.03984375 0.028125
3 0.0609375 0.51328125 0.0484375 0.0296875
3 0.66484375 0.53671875 0.0625 0.0296875
3 0.8921875 0.51796875 0.0453125 0.0265625
3 0.94140625 0.47734375 0.0484375 0.0296875
3 0.965625 0.4984375 0.03984375 0.021875
3 0.94609375 0.42109375 0.03984375 0.0296875
3 0.978125 0.3875 0.04375 0.0375
3 0.94453125 0.34453125 0.04296875 0.0328125
3 0.91484375 0.31484375 0.0453125 0.0265625
3 0.9828125 0.09921875 0.034375 0.0296875