3 0.09921875 0.12421875 0.05703125 0.0359375
3 0.5328125 0.2140625 0.05390625 0.034375
3 0.409375 0.14921875 0.06796875 0.0359375
3 0.13203125 0.34765625 0.05390625 0.0359375
3 0.08828125 0.42421875 0.0625 0.0390625
3 0.078125 0.51015625 0.04296875 0.0234375
3 0.0609375 0.5359375 0.0484375 0.028125
3 0.35625 0.49140625 0.03671875 0.0234375
3 0.38046875 0.521875 0.05078125 0.021875
3 0.5625 0.4046875 0.0625 0.028125
3 0.63203125 0.43828125 0.03671875 0.0171875
3 0.6421875 0.31875 0.034375 0.025
3 0.721875 0.31484375 0.05703125 0.0265625
3 0.33125 0.25234375 0.03671875 0.0296875
3 0.6125 0.14921875 0.059375 0.0234375
3 0.66640625 0.034375 0.07109375 0.03125
3 0.909375 0.0328125 0.05078125 0.028125
3 0.8765625 0.04921875 0.05390625 0.0296875
3 0.96171875 0.02890625 0.05390625 0.0265625