3 0.1125 0.15625 0.07109375 0.0375
3 0.16796875 0.1984375 0.06796875 0.040625
3 0.11484375 0.20546875 0.0484375 0.0328125
3 0.35546875 0.17265625 0.05703125 0.0328125
3 0.24296875 0.2484375 0.05390625 0.028125
3 0.08203125 0.2765625 0.034375 0.040625
3 0.29296875 0.3015625 0.0453125 0.028125
3 0.1421875 0.48984375 0.05703125 0.0359375
3 0.121875 0.5140625 0.03984375 0.025
3 0.21328125 0.528125 0.0625 0.034375
3 0.35625 0.52578125 0.05390625 0.0296875
3 0.440625 0.36796875 0.05078125 0.0203125
3 0.78125 0.27734375 0.0625 0.0328125
3 0.78515625 0.33984375 0.03671875 0.0265625
3 0.85625 0.4640625 0.07109375 0.03125
3 0.78671875 0.6421875 0.06796875 0.04375
3 0.7953125 0.51171875 0.05078125 0.0203125
3 0.7671875 0.51328125 0.03984375 0.0359375