3 0.3921875 0.03671875 0.05703125 0.0328125
3 0.32421875 0.15703125 0.05703125 0.0265625
3 0.2359375 0.225 0.05703125 0.040625
3 0.1125 0.1546875 0.07109375 0.0375
3 0.29140625 0.06015625 0.059375 0.0390625
3 0.6265625 0.03359375 0.05390625 0.0296875
3 0.67578125 0.034375 0.05078125 0.040625
3 0.96015625 0.05234375 0.05078125 0.0359375
3 0.28828125 0.41484375 0.065625 0.0359375
3 0.46171875 0.32578125 0.059375 0.0265625
3 0.346875 0.34453125 0.06796875 0.0265625
3 0.8875 0.3078125 0.0765625 0.040625
3 0.90625 0.27890625 0.07421875 0.0234375
3 0.10234375 0.5046875 0.05078125 0.034375
3 0.1390625 0.5375 0.0453125 0.025
3 0.515625 0.47109375 0.05390625 0.0265625
3 0.89921875 0.1546875 0.03671875 0.034375
3 0.59375 0.05390625 0.03984375 0.0328125