3 0.85234375 0.15 0.0625 0.0375
3 0.65234375 0.18515625 0.065625 0.0328125
3 0.69453125 0.2140625 0.065625 0.03125
3 0.52421875 0.18671875 0.04296875 0.0203125
3 0.64609375 0.27890625 0.059375 0.0359375
3 0.55 0.3375 0.065625 0.040625
3 0.5765625 0.4171875 0.05078125 0.040625
3 0.796875 0.3796875 0.059375 0.03125
3 0.86796875 0.45234375 0.065625 0.0390625
3 0.75390625 0.48203125 0.05390625 0.0390625
3 0.78515625 0.57421875 0.0484375 0.0328125
3 0.496875 0.51171875 0.0625 0.0328125
3 0.62109375 0.515625 0.059375 0.040625
3 0.496875 0.56171875 0.06796875 0.0359375
3 0.2484375 0.4859375 0.05390625 0.034375
3 0.08203125 0.4328125 0.05703125 0.0375
3 0.1125 0.4765625 0.065625 0.028125
3 0.08515625 0.32890625 0.05078125 0.0265625
3 0.1578125 0.59921875 0.065625 0.0359375
3 0.190625 0.64375 0.034375 0.03125