3 0.078125 0.28671875 0.04296875 0.0234375
3 0.14453125 0.33515625 0.05078125 0.0171875
3 0.14765625 0.44140625 0.05703125 0.0265625
3 0.190625 0.48828125 0.0453125 0.0328125
3 0.33515625 0.49765625 0.05078125 0.0265625
3 0.2375 0.61328125 0.059375 0.0328125
3 0.57421875 0.51953125 0.05078125 0.0328125
3 0.58359375 0.5765625 0.059375 0.0375
3 0.7015625 0.52265625 0.05703125 0.0359375
3 0.671875 0.42265625 0.059375 0.0328125
3 0.60234375 0.41015625 0.0453125 0.0296875
3 0.86640625 0.384375 0.05078125 0.028125
3 0.965625 0.4625 0.06796875 0.040625
3 0.8265625 0.48515625 0.05078125 0.0265625
3 0.8625 0.58046875 0.059375 0.0359375
3 0.88046875 0.55234375 0.0453125 0.0328125
3 0.75390625 0.1875 0.05390625 0.034375
3 0.92890625 0.1578125 0.05703125 0.025
3 0.80078125 0.21171875 0.03984375 0.0265625
3 0.74453125 0.28671875 0.0625 0.0359375
3 0.60625 0.19140625 0.04296875 0.0265625
3 0.5140625 0.2125 0.034375 0.015625