3 0.13359375 0.1546875 0.03984375 0.028125
3 0.22265625 0.13984375 0.065625 0.0328125
3 0.46484375 0.1328125 0.04296875 0.028125
3 0.41640625 0.13359375 0.065625 0.0296875
3 0.05859375 0.3 0.05390625 0.028125
3 0.16171875 0.2375 0.05078125 0.03125
3 0.28828125 0.3859375 0.05390625 0.025
3 0.184375 0.4 0.0453125 0.03125
3 0.11796875 0.46640625 0.059375 0.0234375
3 0.03125 0.5734375 0.05703125 0.028125
3 0.34921875 0.51015625 0.03984375 0.0234375
3 0.87890625 0.415625 0.059375 0.03125
3 0.9671875 0.5421875 0.0484375 0.03125
3 0.6890625 0.35390625 0.05390625 0.0359375
3 0.6234375 0.409375 0.0484375 0.028125
3 0.6421875 0.3734375 0.0453125 0.028125
3 0.64375 0.23359375 0.05390625 0.0265625
3 0.8609375 0.27421875 0.0453125 0.0203125
3 0.75390625 0.35 0.04296875 0.025
3 0.6875 0.14140625 0.05703125 0.0359375