3 0.11328125 0.2625 0.06796875 0.040625
3 0.20625 0.2 0.05390625 0.034375
3 0.171875 0.11015625 0.03671875 0.0328125
3 0.27109375 0.09375 0.059375 0.034375
3 0.16875 0.4390625 0.059375 0.03125
3 0.2328125 0.371875 0.05078125 0.028125
3 0.39453125 0.48671875 0.03984375 0.0203125
3 0.04296875 0.52265625 0.05703125 0.0296875
3 0.06796875 0.553125 0.034375 0.01875
3 0.33671875 0.3546875 0.065625 0.021875
3 0.690625 0.38046875 0.0625 0.0234375
3 0.42890625 0.50625 0.028125 0.021875
3 0.96875 0.3875 0.0625 0.0375
3 0.77265625 0.3125 0.0625 0.028125
3 0.721875 0.346875 0.05703125 0.03125
3 0.73125 0.3125 0.05390625 0.021875
3 0.72890625 0.19765625 0.04296875 0.0265625
3 0.778125 0.096875 0.05078125 0.03125
3 0.5328125 0.08984375 0.05390625 0.0265625
3 0.4671875 0.05625 0.065625 0.021875
3 0.4875 0.0859375 0.065625 0.021875