3 0.44609375 0.1484375 0.05078125 0.0375
3 0.65234375 0.11484375 0.05390625 0.0296875
3 0.978125 0.1359375 0.04375 0.046875
3 0.859375 0.23984375 0.04296875 0.0234375
3 0.44765625 0.24296875 0.0484375 0.0328125
3 0.4984375 0.1703125 0.04296875 0.03125
3 0.34375 0.29609375 0.06796875 0.0328125
3 0.60234375 0.34296875 0.0625 0.0296875
3 0.38203125 0.37421875 0.059375 0.0328125
3 0.42578125 0.3875 0.028125 0.03125
3 0.65234375 0.4140625 0.07109375 0.0375
3 0.83828125 0.47890625 0.05078125 0.0265625
3 0.86953125 0.50390625 0.0625 0.0265625
3 0.58671875 0.5328125 0.0484375 0.025
3 0.60234375 0.50234375 0.05078125 0.0234375
3 0.30703125 0.4625 0.03984375 0.028125
3 0.42734375 0.47421875 0.059375 0.0296875
3 0.31796875 0.521875 0.05078125 0.034375
3 0.04140625 0.44453125 0.07109375 0.0328125