3 0.36796875 0.10234375 0.059375 0.0359375
3 0.71328125 0.1296875 0.0625 0.0375
3 0.87890625 0.03046875 0.05390625 0.0421875
3 0.8734375 0.19453125 0.059375 0.0296875
3 0.94140625 0.30703125 0.04296875 0.0328125
3 0.909375 0.3234375 0.0453125 0.028125
3 0.86796875 0.39296875 0.065625 0.0390625
3 0.91015625 0.43125 0.03671875 0.03125
3 0.60234375 0.4828125 0.0453125 0.028125
3 0.63515625 0.51484375 0.04296875 0.0265625
3 0.3765625 0.4171875 0.065625 0.0375
3 0.36796875 0.3421875 0.05390625 0.034375
3 0.346875 0.50546875 0.034375 0.0265625
3 0.31640625 0.5390625 0.05390625 0.034375
3 0.16484375 0.478125 0.0625 0.03125
3 0.0453125 0.2859375 0.0625 0.03125
3 0.10390625 0.37265625 0.059375 0.0421875
3 0.15234375 0.22890625 0.0765625 0.0359375
3 0.1421875 0.13046875 0.0625 0.0296875
3 0.940625 0.11953125 0.07421875 0.0421875
3 0.60546875 0.234375 0.028125 0.021875
3 0.6875 0.2328125 0.05078125 0.028125
3 0.03125 0.46796875 0.05703125 0.0328125
3 0.02734375 0.52734375 0.0484375 0.0328125
3 0.128125 0.16171875 0.0453125 0.0234375
3 0.19296875 0.1625 0.05078125 0.03125