3 0.86796875 0.1578125 0.05390625 0.03125
3 0.66796875 0.18671875 0.06796875 0.0359375
3 0.70859375 0.21640625 0.05390625 0.0296875
3 0.66796875 0.284375 0.05703125 0.0375
3 0.5609375 0.33671875 0.0484375 0.0328125
3 0.81796875 0.38203125 0.05703125 0.0328125
3 0.88359375 0.4578125 0.06796875 0.03125
3 0.58984375 0.421875 0.05390625 0.03125
3 0.53671875 0.41328125 0.034375 0.0234375
3 0.51015625 0.5140625 0.05390625 0.025
3 0.63671875 0.52109375 0.0453125 0.0359375
3 0.7640625 0.48515625 0.028125 0.0328125
3 0.4875 0.2125 0.01953125 0.021875
3 0.8125 0.5484375 0.0625 0.03125
3 0.8 0.5734375 0.0484375 0.03125
3 0.515625 0.56953125 0.05390625 0.0296875
3 0.26015625 0.49453125 0.0484375 0.0328125
3 0.13046875 0.48046875 0.05703125 0.0234375
3 0.17578125 0.60703125 0.05078125 0.0296875
3 0.08515625 0.4359375 0.05703125 0.028125
3 0.09765625 0.33671875 0.0484375 0.0203125
3 0.028125 0.29453125 0.0453125 0.0203125