3 0.44765625 0.09453125 0.059375 0.0390625
3 0.78515625 0.121875 0.07109375 0.0375
3 0.95 0.01640625 0.05390625 0.0296875
3 0.9359375 0.184375 0.05390625 0.0375
3 0.66328125 0.228125 0.03671875 0.028125
3 0.96875 0.31484375 0.05078125 0.0328125
3 0.9375 0.38359375 0.05703125 0.0328125
3 0.97265625 0.421875 0.05390625 0.034375
3 0.659375 0.47578125 0.03984375 0.0296875
3 0.21171875 0.125 0.05390625 0.0375
3 0.6859375 0.50546875 0.03671875 0.0265625
3 0.38671875 0.52734375 0.05078125 0.0234375
3 0.4046875 0.49921875 0.05390625 0.0234375
3 0.453125 0.409375 0.065625 0.03125
3 0.42734375 0.33203125 0.04296875 0.0234375
3 0.4671875 0.32421875 0.04296875 0.0234375
3 0.21015625 0.153125 0.05078125 0.025
3 0.27109375 0.153125 0.07109375 0.03125
3 0.1125 0.27890625 0.05390625 0.0296875
3 0.1546875 0.36015625 0.059375 0.0296875
3 0.08671875 0.45546875 0.0484375 0.0328125
3 0.23984375 0.46875 0.059375 0.03125
3 0.0953125 0.5171875 0.059375 0.03125
3 0.22421875 0.22578125 0.07421875 0.0328125