3 0.39375 0.14921875 0.059375 0.0359375
3 0.1734375 0.13359375 0.028125 0.0234375
3 0.1125 0.1109375 0.04296875 0.03125
3 0.13046875 0.13515625 0.0453125 0.0296875
3 0.828125 0.28515625 0.065625 0.0328125
3 0.9796875 0.35078125 0.040625 0.0328125
3 0.9828125 0.42578125 0.034375 0.0265625
3 0.97265625 0.4828125 0.05390625 0.028125
3 0.9390625 0.52421875 0.05390625 0.0296875
3 0.703125 0.54609375 0.05390625 0.0296875
3 0.8125 0.53203125 0.034375 0.0171875
3 0.58125 0.415625 0.05390625 0.040625
3 0.3625 0.234375 0.05390625 0.021875
3 0.0921875 0.51171875 0.03125 0.0328125