3 0.27578125 0.0765625 0.05703125 0.034375
3 0.1890625 0.103125 0.04296875 0.034375
3 0.11953125 0.253125 0.0625 0.040625
3 0.2171875 0.1890625 0.0484375 0.0375
3 0.35390625 0.3421875 0.05390625 0.028125
3 0.1734375 0.43515625 0.05703125 0.0359375
3 0.23828125 0.37265625 0.05078125 0.0203125
3 0.04140625 0.51953125 0.05390625 0.0328125
3 0.06640625 0.55078125 0.05390625 0.0296875
3 0.41796875 0.4859375 0.0453125 0.034375
3 0.70703125 0.37890625 0.05703125 0.0296875
3 0.97734375 0.38125 0.0453125 0.034375
3 0.7484375 0.33359375 0.07109375 0.0328125
3 0.8 0.3109375 0.05390625 0.03125
3 0.75 0.184375 0.03984375 0.025
3 0.8 0.084375 0.065625 0.034375
3 0.5484375 0.07421875 0.0625 0.0296875
3 0.4875 0.07265625 0.0484375 0.0203125
3 0.48828125 0.04921875 0.05703125 0.0296875