3 0.034375 0.11640625 0.0625 0.0390625
3 0.05078125 0.21640625 0.0796875 0.0359375
3 0.278125 0.0828125 0.0625 0.040625
3 0.03125 0.14140625 0.05703125 0.0296875
3 0.28515625 0.32265625 0.065625 0.0328125
3 0.10625 0.13984375 0.07109375 0.0265625
3 0.278125 0.3984375 0.0625 0.0375
3 0.0953125 0.4578125 0.0484375 0.03125
3 0.24296875 0.515625 0.07109375 0.034375
3 0.26015625 0.4890625 0.059375 0.03125
3 0.528125 0.46640625 0.05703125 0.0328125
3 0.5625 0.496875 0.05078125 0.025
3 0.765625 0.37421875 0.07109375 0.0328125
3 0.82421875 0.415625 0.05703125 0.03125
3 0.809375 0.30859375 0.05703125 0.0265625
3 0.85078125 0.2828125 0.0484375 0.028125
3 0.76875 0.17421875 0.05390625 0.0296875
3 0.59921875 0.21484375 0.03984375 0.0265625
3 0.52265625 0.22109375 0.0453125 0.0328125
3 0.61328125 0.11171875 0.06796875 0.0390625
3 0.83203125 0.10546875 0.0625 0.0328125
3 0.7671875 0.015625 0.0625 0.028125