3 0.72890625 0.12890625 0.05390625 0.0328125
3 0.79375 0.115625 0.01953125 0.0125
3 0.93359375 0.2515625 0.04296875 0.025
3 0.91171875 0.4875 0.0453125 0.028125
3 0.940625 0.51875 0.0453125 0.025
3 0.66171875 0.5390625 0.034375 0.025
3 0.66640625 0.5125 0.0484375 0.025
3 0.734375 0.42578125 0.05390625 0.0328125
3 0.68359375 0.34921875 0.0484375 0.0296875
3 0.52734375 0.1609375 0.065625 0.021875
3 0.56640625 0.19140625 0.03671875 0.0265625
3 0.52578125 0.25546875 0.03984375 0.0234375
3 0.41640625 0.30546875 0.05390625 0.0296875
3 0.45625 0.3890625 0.05390625 0.03125
3 0.3765625 0.4765625 0.04296875 0.025
3 0.496875 0.48828125 0.03984375 0.0296875
3 0.37890625 0.534375 0.05390625 0.034375
3 0.121875 0.4578125 0.0625 0.03125
3 0.04140625 0.56796875 0.0484375 0.0234375