3 0.0609375 0.09765625 0.059375 0.0203125
3 0.08203125 0.12734375 0.034375 0.0265625
3 0.13203125 0.12734375 0.04296875 0.0234375
3 0.340625 0.1359375 0.06796875 0.0375
3 0.3140625 0.2265625 0.05390625 0.034375
3 0.05234375 0.50703125 0.0484375 0.0328125
3 0.046875 0.46796875 0.0484375 0.0203125
3 0.5296875 0.40390625 0.065625 0.0421875
3 0.77265625 0.278125 0.0625 0.028125
3 0.978125 0.0984375 0.04375 0.0375
3 0.97265625 0.27734375 0.05390625 0.0296875
3 0.934375 0.33984375 0.05078125 0.0296875
3 0.971875 0.38203125 0.03984375 0.0328125
3 0.93203125 0.46875 0.05703125 0.03125
3 0.94296875 0.41796875 0.03984375 0.0328125
3 0.8875 0.51640625 0.0484375 0.0296875
3 0.65625 0.5390625 0.05703125 0.03125
3 0.3109375 0.3671875 0.04296875 0.01875
3 0.9546875 0.49296875 0.05078125 0.0265625