3 0.953125 0.115625 0.0765625 0.034375
3 0.89609375 0.028125 0.0765625 0.034375
3 0.72734375 0.12421875 0.07421875 0.0296875
3 0.88671875 0.19296875 0.0625 0.0328125
3 0.61640625 0.23203125 0.034375 0.0234375
3 0.87890625 0.390625 0.05390625 0.03125
3 0.9203125 0.32421875 0.05078125 0.0234375
3 0.96015625 0.30078125 0.03984375 0.0265625
3 0.92734375 0.4296875 0.03671875 0.025
3 0.61640625 0.4828125 0.0453125 0.025
3 0.64453125 0.5171875 0.03984375 0.03125
3 0.3890625 0.1 0.05703125 0.0375
3 0.153125 0.12734375 0.05078125 0.0328125
3 0.21484375 0.15859375 0.05390625 0.0265625
3 0.15234375 0.15625 0.05390625 0.03125
3 0.16640625 0.22578125 0.059375 0.0453125
3 0.059375 0.284375 0.05078125 0.03125
3 0.38359375 0.3359375 0.05703125 0.034375
3 0.2171875 0.38046875 0.059375 0.0296875
3 0.390625 0.4171875 0.065625 0.028125
3 0.03125 0.46875 0.05703125 0.0375
3 0.17734375 0.47265625 0.05390625 0.0328125
3 0.359375 0.50625 0.05390625 0.028125
3 0.33125 0.53828125 0.07109375 0.0328125
3 0.034375 0.52421875 0.0625 0.0296875