3 0.05390625 0.2984375 0.0453125 0.028125
3 0.12890625 0.3375 0.059375 0.028125
3 0.1234375 0.44375 0.0484375 0.0375
3 0.175 0.49140625 0.059375 0.0296875
3 0.32265625 0.5015625 0.05390625 0.03125
3 0.2171875 0.61796875 0.065625 0.0296875
3 0.2375 0.6625 0.065625 0.025
3 0.5609375 0.51875 0.059375 0.040625
3 0.66484375 0.525 0.0625 0.0375
3 0.575 0.5734375 0.059375 0.03125
3 0.53671875 0.6296875 0.05078125 0.028125
3 0.9515625 0.46015625 0.06796875 0.0390625
3 0.86640625 0.55078125 0.0453125 0.0296875
3 0.85234375 0.58125 0.03984375 0.03125
3 0.85390625 0.38671875 0.0484375 0.0296875
3 0.64765625 0.4265625 0.0625 0.034375
3 0.8109375 0.48515625 0.0484375 0.0234375
3 0.6234375 0.34375 0.065625 0.028125
3 0.73125 0.28671875 0.0484375 0.0296875
3 0.734375 0.1875 0.03125 0.028125
3 0.778125 0.21484375 0.03984375 0.0234375
3 0.9203125 0.16015625 0.0625 0.0265625
3 0.57421875 0.19453125 0.03984375 0.0234375