3 0.02109375 0.24296875 0.03671875 0.0328125
3 0.253125 0.3234375 0.05703125 0.021875
3 0.2484375 0.42421875 0.05390625 0.0296875
3 0.28515625 0.4703125 0.05390625 0.025
3 0.44140625 0.48203125 0.07109375 0.0328125
3 0.328125 0.596875 0.05390625 0.034375
3 0.765625 0.41640625 0.065625 0.0359375
3 0.67578125 0.5078125 0.05078125 0.03125
3 0.778125 0.51484375 0.05703125 0.0265625
3 0.6734375 0.56484375 0.05703125 0.0296875
3 0.97265625 0.54765625 0.05390625 0.0296875
3 0.94921875 0.571875 0.05078125 0.028125
3 0.70625 0.4046875 0.03671875 0.03125
3 0.9546875 0.38046875 0.06796875 0.0328125
3 0.75390625 0.33125 0.065625 0.03125
3 0.85546875 0.278125 0.06796875 0.034375
3 0.86796875 0.1796875 0.0484375 0.03125
3 0.70703125 0.1828125 0.05078125 0.021875
3 0.91875 0.20703125 0.04296875 0.0265625