3 0.25703125 0.36640625 0.065625 0.0359375
3 0.3734375 0.3109375 0.065625 0.034375
3 0.40625 0.26484375 0.05703125 0.0359375
3 0.35546875 0.22578125 0.0453125 0.0359375
3 0.3734375 0.19609375 0.05390625 0.0328125
3 0.2171875 0.17890625 0.0765625 0.0359375
3 0.2046875 0.309375 0.05078125 0.028125
3 0.284375 0.31875 0.0453125 0.028125
3 0.33203125 0.36328125 0.03984375 0.0265625
3 0.1890625 0.3734375 0.07109375 0.028125
3 0.27578125 0.415625 0.0625 0.040625
3 0.15234375 0.50625 0.065625 0.028125
3 0.18046875 0.5265625 0.065625 0.025
3 0.20703125 0.54921875 0.05703125 0.0265625
3 0.359375 0.51484375 0.03125 0.0265625
3 0.46875 0.37734375 0.05078125 0.0234375
3 0.7625 0.45 0.059375 0.034375
3 0.48125 0.53046875 0.059375 0.0171875
3 0.3578125 0.6234375 0.0625 0.03125
3 0.32109375 0.6140625 0.03984375 0.021875
3 0.77265625 0.57734375 0.0625 0.0296875
3 0.86796875 0.2015625 0.065625 0.03125
3 0.97109375 0.2796875 0.0578125 0.0375
3 0.784375 0.31953125 0.034375 0.0296875