3 0.2015625 0.165625 0.05703125 0.025
3 0.33125 0.22265625 0.059375 0.0359375
3 0.41796875 0.24375 0.06796875 0.03125
3 0.41015625 0.20546875 0.04296875 0.0328125
3 0.50703125 0.20390625 0.059375 0.0296875
3 0.74453125 0.10625 0.05078125 0.025
3 0.81640625 0.11484375 0.04296875 0.0296875
3 0.88671875 0.27265625 0.034375 0.0296875
3 0.8421875 0.28203125 0.05390625 0.0359375
3 0.7828125 0.31015625 0.065625 0.0296875
3 0.72265625 0.3203125 0.059375 0.03125
3 0.77421875 0.19453125 0.065625 0.0390625
3 0.40078125 0.46953125 0.0625 0.0390625
3 0.44296875 0.46640625 0.0453125 0.0390625
3 0.07109375 0.54296875 0.0625 0.0328125
3 0.02578125 0.52578125 0.0453125 0.0328125
3 0.1375 0.528125 0.07109375 0.025
3 0.7484375 0.53828125 0.05390625 0.0328125
3 0.76953125 0.45 0.0796875 0.034375