3 0.346875 0.21484375 0.0453125 0.0203125
3 0.190625 0.29453125 0.0453125 0.0234375
3 0.159375 0.30703125 0.034375 0.0265625
3 0.08125 0.2640625 0.03671875 0.021875
3 0.33515625 0.37421875 0.05078125 0.0328125
3 0.25703125 0.415625 0.04296875 0.01875
3 0.378125 0.45703125 0.05078125 0.0390625
3 0.33203125 0.49296875 0.05703125 0.0296875
3 0.43203125 0.41015625 0.06796875 0.0265625
3 0.4046875 0.43828125 0.03125 0.0234375
3 0.51875 0.36171875 0.05390625 0.0296875
3 0.565625 0.3625 0.05703125 0.025
3 0.48125 0.45546875 0.03671875 0.0203125
3 0.53515625 0.50078125 0.03671875 0.0171875
3 0.80546875 0.228125 0.059375 0.028125
3 0.83515625 0.24140625 0.03984375 0.0265625
3 0.80234375 0.2515625 0.03671875 0.025
3 0.7625 0.390625 0.03125 0.021875
3 0.85625 0.45859375 0.065625 0.0328125
3 0.9046875 0.48046875 0.08203125 0.0390625