3 0.265625 0.1171875 0.065625 0.034375
3 0.04140625 0.10546875 0.0484375 0.0234375
3 0.07109375 0.10703125 0.0453125 0.0234375
3 0.02421875 0.08203125 0.03671875 0.0234375
3 0.24296875 0.19765625 0.0484375 0.0234375
3 0.278125 0.3140625 0.0625 0.021875
3 0.42734375 0.37890625 0.059375 0.0296875
3 0.02421875 0.42734375 0.04296875 0.0265625
3 0.0171875 0.459375 0.028125 0.01875
3 0.66875 0.25859375 0.059375 0.0328125
3 0.56640625 0.49765625 0.0484375 0.0234375
3 0.7796875 0.48203125 0.0484375 0.0265625
3 0.8296875 0.46796875 0.028125 0.0234375
3 0.8140625 0.44375 0.0484375 0.028125
3 0.98828125 0.409375 0.02265625 0.028125
3 0.9671875 0.415625 0.04296875 0.03125
3 0.890625 0.3625 0.065625 0.03125
3 0.8578125 0.35859375 0.03984375 0.0234375
3 0.83515625 0.390625 0.034375 0.028125
3 0.89609375 0.390625 0.05390625 0.021875
3 0.825 0.31796875 0.0484375 0.0296875
3 0.8625 0.25546875 0.03671875 0.0234375
3 0.88203125 0.11953125 0.05390625 0.0265625
3 0.87109375 0.07890625 0.04296875 0.0171875
3 0.94453125 0.246875 0.03671875 0.021875
3 0.27421875 0.22265625 0.04296875 0.0234375