3 0.03671875 0.1515625 0.0625 0.028125
3 0.14609375 0.19765625 0.08203125 0.0328125
3 0.22265625 0.19375 0.059375 0.0375
3 0.2328125 0.228125 0.0625 0.040625
3 0.2046875 0.44765625 0.06796875 0.0390625
3 0.42578125 0.434375 0.0453125 0.021875
3 0.38359375 0.45703125 0.03984375 0.0203125
3 0.55234375 0.30546875 0.05390625 0.0265625
3 0.59375 0.28828125 0.03984375 0.0265625
3 0.72421875 0.25625 0.0625 0.046875
3 0.66484375 0.265625 0.05703125 0.0375
3 0.65078125 0.09296875 0.05078125 0.0296875
3 0.56953125 0.090625 0.05390625 0.03125
3 0.33125 0.18671875 0.0484375 0.0265625
3 0.378125 0.15859375 0.0453125 0.0171875
3 0.60625 0.1765625 0.065625 0.040625
3 0.59375 0.43515625 0.0625 0.0234375
3 0.58515625 0.51640625 0.034375 0.0265625
3 0.6375 0.4640625 0.059375 0.03125