3 0.065625 0.271875 0.034375 0.028125
3 0.153125 0.315625 0.03984375 0.034375
3 0.1859375 0.29921875 0.04296875 0.0234375
3 0.35234375 0.22109375 0.0453125 0.0234375
3 0.315625 0.20703125 0.05703125 0.0265625
3 0.33828125 0.38046875 0.0453125 0.0328125
3 0.52109375 0.36796875 0.059375 0.0359375
3 0.56796875 0.37421875 0.0453125 0.0171875
3 0.30546875 0.4234375 0.059375 0.01875
3 0.38515625 0.46640625 0.04296875 0.0296875
3 0.3296875 0.50078125 0.06796875 0.0328125
3 0.4375 0.4171875 0.06796875 0.03125
3 0.41640625 0.446875 0.04296875 0.03125
3 0.48046875 0.4640625 0.028125 0.021875
3 0.528125 0.50078125 0.0625 0.0171875
3 0.77109375 0.39453125 0.059375 0.0203125
3 0.78125 0.378125 0.05703125 0.025
3 0.796875 0.23125 0.05390625 0.028125
3 0.83203125 0.24453125 0.05078125 0.0328125
3 0.78828125 0.25703125 0.05390625 0.0171875
3 0.86328125 0.4703125 0.06796875 0.034375
3 0.91171875 0.48984375 0.05078125 0.0328125