3 0.0765625 0.1234375 0.05078125 0.025
3 0.046875 0.2078125 0.0484375 0.025
3 0.08828125 0.31484375 0.03984375 0.0203125
3 0.234375 0.37578125 0.05390625 0.0296875
3 0.471875 0.2609375 0.0453125 0.03125
3 0.66484375 0.12734375 0.05078125 0.0296875
3 0.65625 0.09296875 0.0453125 0.0296875
3 0.72734375 0.15390625 0.03984375 0.0203125
3 0.909375 0.2109375 0.0453125 0.034375
3 0.74609375 0.25 0.03125 0.028125
3 0.66640625 0.2625 0.0484375 0.01875
3 0.3875 0.496875 0.04296875 0.025
3 0.63046875 0.321875 0.034375 0.028125
3 0.6890625 0.36328125 0.05390625 0.0234375
3 0.6578125 0.359375 0.0484375 0.025
3 0.878125 0.38359375 0.03984375 0.0203125
3 0.78515625 0.40703125 0.0484375 0.0265625
3 0.69765625 0.3875 0.03125 0.025
3 0.64609375 0.3890625 0.03125 0.01875
3 0.61484375 0.44296875 0.03125 0.0203125
3 0.590625 0.48203125 0.03984375 0.0265625
3 0.63046875 0.4625 0.0453125 0.0125