3 0.08828125 0.21171875 0.05703125 0.0390625
3 0.08828125 0.17734375 0.05078125 0.0296875
3 0.2 0.17109375 0.04296875 0.0359375
3 0.246875 0.1421875 0.05703125 0.025
3 0.4359375 0.07265625 0.05390625 0.0359375
3 0.5171875 0.0828125 0.03984375 0.0375
3 0.27109375 0.2328125 0.03671875 0.025
3 0.465625 0.17109375 0.0625 0.0390625
3 0.52734375 0.2546875 0.059375 0.028125
3 0.5953125 0.24765625 0.07109375 0.0359375
3 0.4203125 0.290625 0.05703125 0.034375
3 0.45625 0.28125 0.03671875 0.025
3 0.496875 0.2828125 0.03984375 0.028125
3 0.47265625 0.30625 0.05390625 0.025
3 0.24140625 0.35625 0.05703125 0.028125
3 0.05859375 0.43046875 0.07109375 0.0328125
3 0.45625 0.50234375 0.04296875 0.0296875
3 0.30078125 0.41875 0.05703125 0.015625
3 0.26015625 0.4421875 0.02578125 0.015625
3 0.94921875 0.3234375 0.03984375 0.021875
3 0.94609375 0.3578125 0.0453125 0.01875
3 0.8734375 0.21796875 0.0484375 0.0328125
3 0.921875 0.2390625 0.065625 0.040625