3 0.16015625 0.21484375 0.065625 0.0359375
3 0.15234375 0.184375 0.059375 0.034375
3 0.06953125 0.1859375 0.0484375 0.03125
3 0.265625 0.17421875 0.03671875 0.0328125
3 0.13046875 0.43828125 0.07421875 0.0390625
3 0.30390625 0.3703125 0.07421875 0.040625
3 0.35625 0.425 0.0484375 0.028125
3 0.3140625 0.446875 0.05390625 0.021875
3 0.5171875 0.5078125 0.03984375 0.025
3 0.4828125 0.29375 0.05078125 0.03125
3 0.55859375 0.2875 0.05390625 0.021875
3 0.52421875 0.2796875 0.03125 0.028125
3 0.65078125 0.24609375 0.0625 0.0359375
3 0.5953125 0.25703125 0.059375 0.0328125
3 0.52421875 0.17109375 0.05390625 0.0328125
3 0.30859375 0.23671875 0.03125 0.0109375
3 0.3125 0.1484375 0.06796875 0.028125
3 0.49609375 0.0796875 0.065625 0.034375
3 0.578125 0.090625 0.05390625 0.034375
3 0.9359375 0.21484375 0.065625 0.0359375