3 0.471875 0.32109375 0.0625 0.0359375
3 0.22890625 0.48984375 0.0765625 0.0359375
3 0.7359375 0.56796875 0.06796875 0.0265625
3 0.26171875 0.2515625 0.05078125 0.0375
3 0.465625 0.19921875 0.08515625 0.0390625
3 0.575 0.328125 0.05390625 0.03125
3 0.3421875 0.55703125 0.065625 0.0328125
3 0.29296875 0.62578125 0.0625 0.0234375
3 0.03828125 0.57421875 0.059375 0.0296875
3 0.86328125 0.4703125 0.0625 0.028125
3 0.85234375 0.359375 0.06796875 0.040625
3 0.96875 0.2828125 0.0625 0.03125
3 0.49296875 0.25546875 0.05390625 0.0421875
3 0.95859375 0.53828125 0.059375 0.0265625