3 0.35234375 0.2703125 0.05703125 0.028125
3 0.121875 0.3875 0.0625 0.03125
3 0.27734375 0.50625 0.0484375 0.028125
3 0.484375 0.4921875 0.04296875 0.021875
3 0.515625 0.45078125 0.0484375 0.0203125
3 0.52578125 0.478125 0.028125 0.021875
3 0.675 0.4171875 0.04296875 0.028125
3 0.659375 0.4296875 0.03984375 0.025
3 0.77578125 0.39453125 0.03984375 0.0203125
3 0.5796875 0.3734375 0.03984375 0.028125
3 0.5453125 0.37109375 0.0453125 0.0328125
3 0.53515625 0.40546875 0.03125 0.0203125
3 0.590625 0.3984375 0.034375 0.021875
3 0.53515625 0.33203125 0.0484375 0.0296875
3 0.8 0.2234375 0.05390625 0.03125
3 0.96328125 0.29765625 0.034375 0.0234375
3 0.55390625 0.14140625 0.0453125 0.0265625
3 0.55078125 0.1046875 0.03984375 0.021875