3 0.16640625 0.24921875 0.05390625 0.0328125
3 0.36484375 0.12109375 0.03671875 0.0359375
3 0.375 0.0828125 0.0453125 0.03125
3 0.44609375 0.1515625 0.0453125 0.025
3 0.6109375 0.215625 0.05078125 0.03125
3 0.6421875 0.25 0.05078125 0.028125
3 0.3421875 0.31640625 0.04296875 0.0296875
3 0.38359375 0.2578125 0.03984375 0.021875
3 0.3921875 0.359375 0.0453125 0.025
3 0.35546875 0.35625 0.028125 0.028125
3 0.48125 0.40625 0.05390625 0.03125
3 0.409375 0.38828125 0.03984375 0.0171875
3 0.5953125 0.38515625 0.03671875 0.0234375
3 0.325 0.4390625 0.0484375 0.028125
3 0.29375 0.47890625 0.04296875 0.0171875
3 0.08515625 0.4875 0.05078125 0.021875
3 0.4828125 0.24609375 0.0453125 0.0234375
3 0.940625 0.1890625 0.05078125 0.034375
3 0.89921875 0.19140625 0.0484375 0.0359375
3 0.8296875 0.2796875 0.05078125 0.021875
3 0.78984375 0.2921875 0.0453125 0.025
3 0.81640625 0.30625 0.05390625 0.028125
3 0.8890625 0.4078125 0.0453125 0.028125
3 0.98671875 0.35859375 0.0265625 0.0328125
3 0.978125 0.43984375 0.04375 0.0265625
3 0.97734375 0.496875 0.0453125 0.03125
3 0.81796875 0.3515625 0.03984375 0.025
3 0.33125 0.4671875 0.03671875 0.028125