3 0.315625 0.12734375 0.05078125 0.0296875
3 0.325 0.090625 0.03671875 0.03125
3 0.11953125 0.2515625 0.05078125 0.03125
3 0.33203125 0.36015625 0.0453125 0.0296875
3 0.04140625 0.48203125 0.0484375 0.0296875
3 0.02578125 0.49765625 0.0453125 0.0265625
3 0.24609375 0.47421875 0.03671875 0.0234375
3 0.26953125 0.4390625 0.0453125 0.028125
3 0.28125 0.4625 0.028125 0.01875
3 0.4234375 0.409375 0.05078125 0.03125
3 0.3578125 0.3875 0.034375 0.01875
3 0.30234375 0.35703125 0.03125 0.0203125
3 0.546875 0.38671875 0.04296875 0.0296875
3 0.940625 0.484375 0.0453125 0.025
3 0.89375 0.49609375 0.05390625 0.0328125
3 0.97265625 0.4484375 0.05390625 0.034375
3 0.82265625 0.415625 0.04296875 0.03125
3 0.92578125 0.36328125 0.05078125 0.0296875
3 0.75859375 0.30859375 0.0453125 0.0265625
3 0.72890625 0.30078125 0.0484375 0.0359375
3 0.77109375 0.284375 0.0484375 0.01875
3 0.88359375 0.19453125 0.05703125 0.0265625
3 0.9546875 0.20625 0.0625 0.028125
3 0.55546875 0.221875 0.0484375 0.028125
3 0.60390625 0.25546875 0.0484375 0.0296875
3 0.41015625 0.15234375 0.05390625 0.0234375
3 0.2953125 0.3171875 0.05078125 0.021875
3 0.89921875 0.446875 0.03671875 0.03125