3 0.03125 0.12734375 0.05703125 0.0265625
3 0.05 0.3171875 0.059375 0.021875
3 0.2 0.38203125 0.05390625 0.0234375
3 0.43203125 0.26171875 0.05078125 0.0296875
3 0.01953125 0.2109375 0.034375 0.028125
3 0.6234375 0.09453125 0.04296875 0.0203125
3 0.62890625 0.13359375 0.0484375 0.0296875
3 0.69140625 0.15546875 0.03125 0.0203125
3 0.88046875 0.21484375 0.0453125 0.0265625
3 0.71015625 0.253125 0.0453125 0.015625
3 0.5921875 0.3265625 0.04296875 0.025
3 0.64921875 0.36484375 0.05390625 0.0265625
3 0.61328125 0.36171875 0.028125 0.0203125
3 0.84375 0.38671875 0.03984375 0.0296875
3 0.746875 0.409375 0.05078125 0.025
3 0.66328125 0.38984375 0.02578125 0.0171875
3 0.6125 0.39375 0.04296875 0.021875
3 0.72578125 0.42578125 0.03671875 0.0234375
3 0.58203125 0.446875 0.034375 0.028125
3 0.55546875 0.48515625 0.0484375 0.0203125
3 0.596875 0.46640625 0.0453125 0.0234375
3 0.346875 0.49765625 0.0453125 0.0265625