3 0.0609375 0.27890625 0.05390625 0.0234375
3 0.109375 0.2921875 0.04296875 0.025
3 0.08671875 0.30625 0.05390625 0.021875
3 0.1234375 0.5078125 0.05390625 0.034375
3 0.1734375 0.5375 0.05703125 0.040625
3 0.50546875 0.45859375 0.06796875 0.0296875
3 0.55078125 0.46171875 0.0453125 0.0390625
3 0.4375 0.21953125 0.05703125 0.0296875
3 0.33828125 0.16171875 0.0625 0.0265625
3 0.52109375 0.2390625 0.07109375 0.034375
3 0.52578125 0.20859375 0.05703125 0.0328125
3 0.61640625 0.19765625 0.05078125 0.0265625
3 0.64453125 0.16953125 0.034375 0.0109375
3 0.84375 0.1015625 0.05078125 0.03125
3 0.93359375 0.11640625 0.059375 0.0359375
3 0.9375 0.28046875 0.05078125 0.0328125
3 0.97578125 0.27265625 0.0484375 0.0390625
3 0.871875 0.3125 0.05078125 0.03125
3 0.82265625 0.31953125 0.04296875 0.0296875
3 0.85390625 0.44921875 0.0765625 0.0359375
3 0.83671875 0.53359375 0.05390625 0.0359375