3 0.0625 0.27421875 0.05078125 0.0203125
3 0.35625 0.2171875 0.05390625 0.034375
3 0.19296875 0.3 0.05078125 0.025
3 0.1546875 0.31328125 0.04296875 0.0265625
3 0.34375 0.38359375 0.03984375 0.0359375
3 0.26015625 0.4234375 0.05390625 0.021875
3 0.390625 0.46640625 0.05390625 0.0265625
3 0.3453125 0.50390625 0.059375 0.0296875
3 0.44296875 0.41484375 0.06796875 0.0296875
3 0.52109375 0.36875 0.0484375 0.04375
3 0.58125 0.37265625 0.05390625 0.0296875
3 0.528125 0.50859375 0.0453125 0.0203125
3 0.79375 0.37578125 0.03671875 0.0234375
3 0.76953125 0.39453125 0.03984375 0.0203125
3 0.796875 0.23125 0.04296875 0.021875
3 0.83515625 0.2421875 0.05078125 0.028125
3 0.796875 0.2546875 0.05390625 0.01875
3 0.86640625 0.465625 0.05078125 0.0375
3 0.91328125 0.4875 0.04296875 0.03125