3 0.26015625 0.16328125 0.059375 0.0390625
3 0.41171875 0.18125 0.0625 0.0375
3 0.39921875 0.2203125 0.0484375 0.0375
3 0.4515625 0.21015625 0.0453125 0.0265625
3 0.91640625 0.1953125 0.059375 0.040625
3 0.44765625 0.2546875 0.02578125 0.03125
3 0.41484375 0.29765625 0.05703125 0.0359375
3 0.33515625 0.30390625 0.03984375 0.0265625
3 0.265625 0.296875 0.05390625 0.028125
3 0.30703125 0.3546875 0.05703125 0.040625
3 0.37109375 0.35546875 0.0484375 0.0265625
3 0.23046875 0.35625 0.05703125 0.034375
3 0.3296875 0.4015625 0.07421875 0.03125
3 0.234375 0.40625 0.059375 0.034375
3 0.48828125 0.3625 0.05703125 0.01875
3 0.19921875 0.49296875 0.0625 0.0234375
3 0.2203125 0.51328125 0.0484375 0.0296875
3 0.25 0.53515625 0.0453125 0.0265625
3 0.403125 0.60546875 0.05078125 0.0390625
3 0.3625 0.596875 0.04296875 0.034375
3 0.40625 0.4953125 0.0453125 0.028125
3 0.78671875 0.31015625 0.03984375 0.0234375
3 0.828125 0.309375 0.059375 0.03125
3 0.7484375 0.31640625 0.03671875 0.0265625
3 0.809375 0.43828125 0.07421875 0.0265625
3 0.74609375 0.440625 0.05390625 0.025
3 0.8578125 0.50078125 0.0453125 0.0234375
3 0.80078125 0.5640625 0.05078125 0.028125
3 0.60390625 0.63671875 0.03671875 0.0203125
3 0.5140625 0.5140625 0.03984375 0.021875
3 0.58359375 0.53515625 0.03671875 0.0171875
3 0.53125 0.57109375 0.028125 0.0171875
3 0.059375 0.52421875 0.034375 0.0171875
3 0.82109375 0.3546875 0.028125 0.021875