3 0.17890625 0.2609375 0.0625 0.03125
3 0.3921875 0.09453125 0.0453125 0.0234375
3 0.3765625 0.13203125 0.04296875 0.0296875
3 0.465625 0.159375 0.03984375 0.03125
3 0.409375 0.2671875 0.05078125 0.015625
3 0.6234375 0.22421875 0.059375 0.0296875
3 0.653125 0.26328125 0.03984375 0.0234375
3 0.359375 0.32421875 0.03671875 0.0265625
3 0.0953125 0.50078125 0.0484375 0.0265625
3 0.30859375 0.490625 0.03671875 0.021875
3 0.3453125 0.4484375 0.059375 0.03125
3 0.5015625 0.42109375 0.0484375 0.0296875
3 0.40625 0.37109375 0.05078125 0.0296875
3 0.36953125 0.36875 0.028125 0.028125
3 0.6109375 0.3953125 0.03984375 0.021875
3 0.41796875 0.39375 0.03984375 0.021875
3 0.49140625 0.2609375 0.03984375 0.021875
3 0.83828125 0.28515625 0.0453125 0.0328125
3 0.94453125 0.2 0.08203125 0.034375
3 0.79296875 0.303125 0.05078125 0.025
3 0.83671875 0.3125 0.04296875 0.03125
3 0.89921875 0.41015625 0.0484375 0.0265625
3 0.83828125 0.3578125 0.034375 0.01875