3 0.74140625 0.22109375 0.034375 0.0265625
3 0.7203125 0.22578125 0.03125 0.0265625
3 0.86484375 0.24140625 0.05390625 0.0296875
3 0.83671875 0.26875 0.04296875 0.03125
3 0.89453125 0.2671875 0.03984375 0.01875
3 0.89765625 0.3015625 0.05703125 0.028125
3 0.796875 0.23828125 0.03125 0.0234375
3 0.85234375 0.34140625 0.06796875 0.0265625
3 0.7203125 0.3421875 0.05390625 0.021875
3 0.80546875 0.328125 0.0484375 0.03125
3 0.7515625 0.3875 0.05390625 0.034375
3 0.8 0.38828125 0.03125 0.0203125
3 0.69453125 0.39140625 0.04296875 0.0234375
3 0.75546875 0.43359375 0.05078125 0.0328125
3 0.8890625 0.39921875 0.03984375 0.0265625
3 0.68359375 0.4328125 0.04296875 0.03125
3 0.6234375 0.51015625 0.05390625 0.0296875
3 0.63359375 0.534375 0.0453125 0.025
3 0.65234375 0.553125 0.05390625 0.028125
3 0.77421875 0.5296875 0.02578125 0.021875
3 0.859375 0.55 0.059375 0.021875
3 0.7625 0.61484375 0.03671875 0.0296875
3 0.79375 0.628125 0.0484375 0.03125
3 0.96484375 0.66328125 0.04296875 0.0140625