3 0.1875 0.16484375 0.05078125 0.0265625
3 0.2953125 0.21640625 0.05703125 0.0296875
3 0.38671875 0.24453125 0.08515625 0.0359375
3 0.378125 0.21171875 0.06796875 0.0296875
3 0.03984375 0.55 0.0625 0.034375
3 0.371875 0.46875 0.07421875 0.0375
3 0.546875 0.45703125 0.03671875 0.0171875
3 0.47578125 0.2046875 0.04296875 0.03125
3 0.71171875 0.103125 0.0484375 0.025
3 0.7953125 0.11796875 0.03984375 0.0296875
3 0.74296875 0.19453125 0.07109375 0.0359375
3 0.8765625 0.27265625 0.065625 0.0390625
3 0.815625 0.28125 0.07421875 0.034375
3 0.74609375 0.3109375 0.0484375 0.028125
3 0.69609375 0.31796875 0.05703125 0.0328125
3 0.7359375 0.45 0.05703125 0.03125
3 0.70859375 0.49375 0.05390625 0.01875
3 0.72734375 0.53359375 0.05078125 0.0328125