3 0.38359375 0.19296875 0.0625 0.0390625
3 0.534375 0.2109375 0.07421875 0.0375
3 0.515625 0.2421875 0.0484375 0.021875
3 0.559375 0.24375 0.034375 0.025
3 0.39609375 0.31796875 0.0484375 0.0234375
3 0.52578125 0.31796875 0.0453125 0.0265625
3 0.43359375 0.32265625 0.03671875 0.0234375
3 0.41875 0.3703125 0.059375 0.028125
3 0.48125 0.3703125 0.03125 0.01875
3 0.42890625 0.4140625 0.0625 0.03125
3 0.3453125 0.378125 0.059375 0.01875
3 0.2984375 0.4984375 0.05703125 0.021875
3 0.328125 0.52109375 0.04296875 0.0296875
3 0.34765625 0.54453125 0.05390625 0.0265625
3 0.16015625 0.5609375 0.03125 0.021875
3 0.5015625 0.61484375 0.0484375 0.0265625
3 0.8578125 0.3421875 0.05078125 0.025
3 0.88359375 0.46015625 0.07421875 0.0328125
3 0.83671875 0.4578125 0.059375 0.028125
3 0.56953125 0.5328125 0.04296875 0.028125
3 0.8296875 0.54453125 0.05703125 0.0265625
3 0.44765625 0.6046875 0.0484375 0.025
3 0.86484375 0.5828125 0.059375 0.034375
3 0.92890625 0.521875 0.05703125 0.03125
3 0.58828125 0.3828125 0.0453125 0.021875