3 0.16015625 0.2453125 0.05390625 0.028125
3 0.359375 0.11953125 0.059375 0.0265625
3 0.36640625 0.08203125 0.0453125 0.0265625
3 0.3265625 0.08125 0.028125 0.021875
3 0.44453125 0.1453125 0.03671875 0.028125
3 0.371875 0.253125 0.05078125 0.028125
3 0.47421875 0.2421875 0.03984375 0.025
3 0.59921875 0.21171875 0.05703125 0.0296875
3 0.6375 0.25 0.0484375 0.025
3 0.33515625 0.3125 0.03984375 0.021875
3 0.38359375 0.35703125 0.05703125 0.0296875
3 0.33984375 0.3546875 0.03125 0.021875
3 0.3875 0.384375 0.04296875 0.028125
3 0.08359375 0.48203125 0.04296875 0.0203125
3 0.05859375 0.49765625 0.0484375 0.0265625
3 0.309375 0.4375 0.03984375 0.025
3 0.28671875 0.4765625 0.03984375 0.028125
3 0.325 0.45859375 0.03671875 0.0296875
3 0.46328125 0.40625 0.03984375 0.028125
3 0.58515625 0.38515625 0.028125 0.0203125
3 0.82421875 0.27734375 0.0625 0.0265625
3 0.77578125 0.290625 0.05703125 0.028125
3 0.81640625 0.30390625 0.04296875 0.0234375
3 0.934375 0.184375 0.05078125 0.040625
3 0.97421875 0.35546875 0.05078125 0.0296875
3 0.88046875 0.4015625 0.0453125 0.034375
3 0.96484375 0.43828125 0.03125 0.0265625
3 0.9515625 0.490625 0.05703125 0.03125