3 0.16484375 0.2125 0.05703125 0.025
3 0.26953125 0.25 0.03984375 0.021875
3 0.05078125 0.4078125 0.03984375 0.025
3 0.2015625 0.38046875 0.0453125 0.0203125
3 0.11328125 0.42109375 0.05078125 0.0296875
3 0.03984375 0.3796875 0.034375 0.01875
3 0.4046875 0.278125 0.0484375 0.021875
3 0.375 0.290625 0.034375 0.021875
3 0.403125 0.3046875 0.0453125 0.03125
3 0.5296875 0.18828125 0.0484375 0.0265625
3 0.578125 0.19375 0.0765625 0.028125
3 0.80546875 0.34609375 0.059375 0.0390625
3 0.7484375 0.34296875 0.065625 0.0359375
3 0.5609375 0.35859375 0.0484375 0.0265625
3 0.5296875 0.40546875 0.0484375 0.0265625
3 0.46875 0.40234375 0.05078125 0.0296875
3 0.659375 0.39453125 0.05703125 0.0328125
3 0.6078125 0.4421875 0.05078125 0.021875
3 0.56953125 0.47890625 0.0484375 0.0265625
3 0.9671875 0.37421875 0.03671875 0.0203125
3 0.71328125 0.478125 0.03984375 0.025