3 0.04375 0.24453125 0.05390625 0.0359375
3 0.23125 0.125 0.0484375 0.03125
3 0.2375 0.090625 0.05390625 0.021875
3 0.265625 0.259375 0.04296875 0.028125
3 0.21875 0.3140625 0.028125 0.01875
3 0.2484375 0.35703125 0.05390625 0.0234375
3 0.33984375 0.40390625 0.03671875 0.0265625
3 0.465625 0.384375 0.03984375 0.025
3 0.19609375 0.4328125 0.034375 0.025
3 0.1703125 0.4703125 0.0453125 0.025
3 0.46015625 0.2203125 0.05703125 0.028125
3 0.5296875 0.25546875 0.03125 0.0203125
3 0.79296875 0.20078125 0.05078125 0.0328125
3 0.85625 0.20859375 0.0484375 0.0234375
3 0.68046875 0.28359375 0.065625 0.0296875
3 0.64375 0.29453125 0.03671875 0.0234375
3 0.67734375 0.31171875 0.03671875 0.0265625
3 0.83203125 0.36328125 0.05078125 0.0328125
3 0.73828125 0.40625 0.034375 0.03125
3 0.92890625 0.40546875 0.0625 0.0359375
3 0.88515625 0.44296875 0.059375 0.0234375
3 0.83671875 0.4765625 0.059375 0.021875
3 0.33515625 0.15546875 0.034375 0.0203125
3 0.97734375 0.4859375 0.03984375 0.025