3 0.9359375 0.21484375 0.04296875 0.0265625
3 0.90625 0.22265625 0.03984375 0.0234375
3 0.92578125 0.33828125 0.05703125 0.0265625
3 0.984375 0.340625 0.03125 0.028125
3 0.94296875 0.3875 0.05703125 0.03125
3 0.98671875 0.38671875 0.0265625 0.0203125
3 0.8734375 0.38828125 0.059375 0.0296875
3 0.94453125 0.434375 0.059375 0.03125
3 0.85078125 0.42734375 0.02578125 0.0203125
3 0.80703125 0.51171875 0.0453125 0.0203125
3 0.8265625 0.5328125 0.05703125 0.028125
3 0.84375 0.5578125 0.0453125 0.03125
3 0.94453125 0.6171875 0.05390625 0.025
3 0.98125 0.628125 0.03671875 0.025