3 0.05859375 0.1078125 0.03671875 0.021875
3 0.02109375 0.10625 0.03671875 0.021875
3 0.24609375 0.11953125 0.0484375 0.0328125
3 0.221875 0.203125 0.03984375 0.021875
3 0.25546875 0.3125 0.03984375 0.028125
3 0.403125 0.371875 0.05703125 0.03125
3 0.54375 0.48984375 0.03671875 0.0265625
3 0.75390625 0.48203125 0.03671875 0.0265625
3 0.784375 0.440625 0.0453125 0.025
3 0.8 0.4640625 0.03125 0.01875
3 0.965625 0.4046875 0.05703125 0.03125
3 0.9390625 0.41640625 0.05390625 0.0296875
3 0.871875 0.3578125 0.05703125 0.028125
3 0.825 0.35703125 0.03125 0.0265625
3 0.87109375 0.3875 0.04296875 0.021875
3 0.80859375 0.38984375 0.03671875 0.0265625
3 0.796875 0.31640625 0.05390625 0.0234375
3 0.6375 0.253125 0.05390625 0.03125
3 0.83984375 0.25703125 0.03671875 0.0203125
3 0.85234375 0.11875 0.0453125 0.028125
3 0.8421875 0.078125 0.05390625 0.021875
3 0.921875 0.23828125 0.0484375 0.0234375