3 0.2328125 0.16875 0.06796875 0.034375
3 0.3890625 0.18359375 0.0453125 0.0390625
3 0.42578125 0.2109375 0.0453125 0.03125
3 0.3734375 0.21953125 0.05390625 0.0328125
3 0.43046875 0.253125 0.04296875 0.028125
3 0.40234375 0.2984375 0.059375 0.040625
3 0.30703125 0.30859375 0.03984375 0.0234375
3 0.2375 0.30234375 0.04296875 0.0296875
3 0.2828125 0.35625 0.065625 0.0375
3 0.34765625 0.35703125 0.04296875 0.0265625
3 0.21171875 0.36328125 0.05390625 0.0265625
3 0.30234375 0.40625 0.059375 0.03125
3 0.4859375 0.36875 0.03984375 0.028125
3 0.18203125 0.496875 0.0625 0.034375
3 0.20625 0.5203125 0.065625 0.028125
3 0.2328125 0.5375 0.0453125 0.028125
3 0.38515625 0.50078125 0.04296875 0.0265625
3 0.38671875 0.6140625 0.05078125 0.0375
3 0.3453125 0.6046875 0.0484375 0.025
3 0.49609375 0.521875 0.05390625 0.025
3 0.578125 0.5375 0.02578125 0.021875
3 0.85078125 0.5078125 0.059375 0.025
3 0.78828125 0.571875 0.05390625 0.025
3 0.7796875 0.44140625 0.059375 0.0265625
3 0.7328125 0.3203125 0.03984375 0.028125
3 0.80390625 0.3109375 0.03984375 0.034375
3 0.8921875 0.19453125 0.07421875 0.0390625
3 0.98671875 0.27265625 0.0265625 0.0359375