3 0.265625 0.2328125 0.07109375 0.034375
3 0.25390625 0.1984375 0.05390625 0.028125
3 0.171875 0.20546875 0.065625 0.0359375
3 0.0921875 0.26640625 0.07109375 0.0359375
3 0.359375 0.18828125 0.03125 0.0296875
3 0.58671875 0.09375 0.04296875 0.0375
3 0.4046875 0.1609375 0.0484375 0.028125
3 0.68046875 0.1046875 0.05390625 0.034375
3 0.6234375 0.18046875 0.0484375 0.0390625
3 0.75390625 0.25703125 0.05390625 0.0390625
3 0.68359375 0.26875 0.059375 0.0375
3 0.6265625 0.29140625 0.04296875 0.0265625
3 0.58515625 0.30390625 0.03984375 0.0296875
3 0.66640625 0.30078125 0.04296875 0.0234375
3 0.4046875 0.375 0.05390625 0.021875
3 0.24453125 0.45703125 0.06796875 0.0421875
3 0.61484375 0.52109375 0.059375 0.0296875
3 0.45 0.44296875 0.04296875 0.0234375
3 0.3890625 0.403125 0.0453125 0.025