3 0.08984375 0.2515625 0.0484375 0.034375
3 0.02421875 0.47890625 0.04296875 0.0265625
3 0.221875 0.4765625 0.03984375 0.025
3 0.24453125 0.43671875 0.0453125 0.0265625
3 0.3890625 0.4078125 0.03984375 0.025
3 0.3 0.35859375 0.0484375 0.0265625
3 0.52265625 0.390625 0.03984375 0.025
3 0.325 0.3875 0.03125 0.021875
3 0.2640625 0.315625 0.034375 0.028125
3 0.284375 0.128125 0.0453125 0.03125
3 0.30234375 0.09296875 0.03671875 0.0234375
3 0.52265625 0.22421875 0.03984375 0.0296875
3 0.30859375 0.26015625 0.03671875 0.0234375
3 0.5796875 0.26015625 0.03984375 0.0203125
3 0.69609375 0.30234375 0.0453125 0.0234375
3 0.73984375 0.2859375 0.05390625 0.028125
3 0.73125 0.31328125 0.059375 0.0234375
3 0.89453125 0.36640625 0.05078125 0.0296875
3 0.79140625 0.4109375 0.04296875 0.028125
3 0.978125 0.4015625 0.04375 0.028125
3 0.9390625 0.44921875 0.0484375 0.0328125
3 0.89609375 0.484375 0.05390625 0.025
3 0.86328125 0.44765625 0.03984375 0.0203125
3 0.86328125 0.49921875 0.05703125 0.0296875
3 0.378125 0.15703125 0.0453125 0.0234375
3 0.85234375 0.19921875 0.0625 0.0265625
3 0.9234375 0.209375 0.0625 0.021875