3 0.06796875 0.2859375 0.0453125 0.03125
3 0.03515625 0.3 0.04296875 0.025
3 0.20625 0.20859375 0.05390625 0.0359375
3 0.190625 0.36875 0.0453125 0.03125
3 0.121875 0.4109375 0.034375 0.025
3 0.2328125 0.4515625 0.06796875 0.0375
3 0.1859375 0.48203125 0.05390625 0.0328125
3 0.28671875 0.396875 0.0625 0.040625
3 0.27421875 0.4359375 0.04296875 0.028125
3 0.39453125 0.35703125 0.06796875 0.0328125
3 0.69765625 0.2359375 0.0484375 0.028125
3 0.65234375 0.221875 0.05390625 0.025
3 0.653125 0.2453125 0.03984375 0.028125
3 0.89609375 0.1140625 0.05390625 0.025
3 0.96171875 0.11953125 0.059375 0.0296875
3 0.69140625 0.4515625 0.0484375 0.03125
3 0.73828125 0.471875 0.0625 0.0375
3 0.61328125 0.38828125 0.028125 0.0265625
3 0.41796875 0.49453125 0.028125 0.0140625