3 0.03515625 0.184375 0.05390625 0.034375
3 0.11484375 0.18203125 0.065625 0.0390625
3 0.128125 0.2109375 0.0625 0.040625
3 0.234375 0.17578125 0.04296875 0.0234375
3 0.278125 0.14375 0.0453125 0.01875
3 0.0953125 0.4359375 0.08828125 0.0375
3 0.278125 0.36015625 0.0453125 0.0234375
3 0.328125 0.42265625 0.03671875 0.0265625
3 0.28984375 0.4453125 0.03984375 0.01875
3 0.48046875 0.50703125 0.05703125 0.0328125
3 0.48984375 0.28203125 0.03671875 0.0203125
3 0.45 0.2953125 0.04296875 0.028125
3 0.440625 0.2625 0.0625 0.025
3 0.5296875 0.28515625 0.02578125 0.0171875
3 0.61953125 0.24765625 0.05703125 0.0359375
3 0.55859375 0.25703125 0.05390625 0.0296875
3 0.49453125 0.16875 0.05703125 0.034375
3 0.46328125 0.07578125 0.05078125 0.0359375
3 0.5453125 0.0859375 0.05078125 0.03125
3 0.90625 0.2125 0.0625 0.034375
3 0.9546875 0.23515625 0.0625 0.0296875
3 0.9828125 0.321875 0.034375 0.025
3 0.9703125 0.35625 0.04296875 0.01875
3 0.28515625 0.23046875 0.03125 0.0171875