3 0.07109375 0.26875 0.05078125 0.028125
3 0.35546875 0.2171875 0.05703125 0.03125
3 0.19296875 0.2984375 0.03984375 0.025
3 0.1578125 0.31015625 0.02578125 0.0234375
3 0.34765625 0.315625 0.0484375 0.028125
3 0.33125 0.37890625 0.0484375 0.0296875
3 0.3140625 0.428125 0.05390625 0.028125
3 0.2640625 0.425 0.0453125 0.028125
3 0.33359375 0.50078125 0.059375 0.0328125
3 0.38203125 0.4640625 0.05390625 0.034375
3 0.434375 0.41640625 0.07421875 0.0359375
3 0.41328125 0.44453125 0.03125 0.0203125
3 0.484375 0.46484375 0.04296875 0.0203125
3 0.51171875 0.3640625 0.05078125 0.034375
3 0.57109375 0.36953125 0.06796875 0.0296875
3 0.51171875 0.49921875 0.028125 0.0140625
3 0.80234375 0.2296875 0.0484375 0.034375
3 0.83125 0.24375 0.0484375 0.028125
3 0.796875 0.25625 0.03671875 0.025
3 0.78125 0.37578125 0.0453125 0.0234375
3 0.7625 0.39609375 0.05390625 0.0265625
3 0.86640625 0.46875 0.0625 0.03125
3 0.90625 0.48828125 0.05703125 0.0328125