3 0.2203125 0.17109375 0.05390625 0.0359375
3 0.38203125 0.18828125 0.065625 0.0328125
3 0.359375 0.228125 0.05390625 0.028125
3 0.41484375 0.2171875 0.0625 0.025
3 0.3875 0.3046875 0.065625 0.0375
3 0.42578125 0.2578125 0.0453125 0.028125
3 0.21875 0.30546875 0.05078125 0.0296875
3 0.30078125 0.31484375 0.05703125 0.0265625
3 0.27265625 0.35859375 0.05703125 0.0359375
3 0.34375 0.3578125 0.0453125 0.025
3 0.28671875 0.409375 0.05703125 0.0375
3 0.19609375 0.36640625 0.05078125 0.0296875
3 0.16640625 0.49921875 0.05390625 0.0296875
3 0.1890625 0.52421875 0.059375 0.0328125
3 0.3734375 0.61875 0.0484375 0.0375
3 0.33671875 0.61015625 0.0484375 0.0234375
3 0.4828125 0.53046875 0.03984375 0.0203125
3 0.47578125 0.3703125 0.05390625 0.028125
3 0.76875 0.446875 0.065625 0.0375
3 0.840625 0.5046875 0.05078125 0.01875
3 0.78125 0.57734375 0.06796875 0.0234375
3 0.8890625 0.19765625 0.05703125 0.0359375
3 0.98125 0.27734375 0.03671875 0.0390625
3 0.79140625 0.31796875 0.03671875 0.0328125
3 0.72890625 0.32734375 0.0484375 0.0296875