3 0.02734375 0.1046875 0.0484375 0.021875
3 0.21484375 0.11484375 0.059375 0.0328125
3 0.2375 0.31015625 0.0484375 0.0234375
3 0.38046875 0.37578125 0.05078125 0.0265625
3 0.5140625 0.490625 0.0453125 0.021875
3 0.6078125 0.25390625 0.05078125 0.0328125
3 0.721875 0.47734375 0.03984375 0.0203125
3 0.753125 0.4390625 0.034375 0.021875
3 0.77421875 0.459375 0.04296875 0.025
3 0.83359375 0.35703125 0.0484375 0.0265625
3 0.92734375 0.40546875 0.04296875 0.0296875
3 0.80234375 0.35234375 0.04296875 0.0234375
3 0.8421875 0.378125 0.04296875 0.025
3 0.78671875 0.38828125 0.0453125 0.0296875
3 0.88203125 0.2421875 0.04296875 0.021875
3 0.80078125 0.2546875 0.03984375 0.021875
3 0.77265625 0.3171875 0.03984375 0.021875
3 0.82109375 0.1203125 0.05078125 0.025
3 0.8140625 0.08125 0.0484375 0.021875
3 0.19140625 0.20078125 0.03671875 0.0234375
3 0.88046875 0.14453125 0.0453125 0.0265625