3 0.35390625 0.17890625 0.04296875 0.0328125
3 0.4984375 0.19921875 0.0484375 0.0328125
3 0.47578125 0.23203125 0.03671875 0.0328125
3 0.53671875 0.2234375 0.03984375 0.021875
3 0.52265625 0.26875 0.05078125 0.028125
3 0.5 0.3109375 0.05078125 0.040625
3 0.40234375 0.3109375 0.04296875 0.025
3 0.35234375 0.30859375 0.0453125 0.0296875
3 0.3875 0.3640625 0.05390625 0.0375
3 0.31796875 0.3671875 0.0625 0.025
3 0.40078125 0.41171875 0.05078125 0.0328125
3 0.4515625 0.3640625 0.05703125 0.025
3 0.55859375 0.37578125 0.03125 0.0203125
3 0.26953125 0.4953125 0.05703125 0.028125
3 0.29375 0.52109375 0.0484375 0.0234375
3 0.315625 0.5390625 0.05078125 0.025
3 0.4703125 0.50625 0.03671875 0.021875
3 0.42734375 0.6 0.04296875 0.021875
3 0.471875 0.61640625 0.0453125 0.0265625
3 0.5609375 0.52734375 0.04296875 0.0203125
3 0.653125 0.64296875 0.034375 0.0203125
3 0.83828125 0.57734375 0.0625 0.0296875
3 0.80703125 0.5359375 0.028125 0.021875
3 0.91171875 0.5140625 0.0453125 0.021875
3 0.86328125 0.45234375 0.0625 0.0265625
3 0.8140625 0.453125 0.0484375 0.025
3 0.89453125 0.32890625 0.0453125 0.0296875
3 0.8453125 0.32578125 0.04296875 0.0234375
3 0.809375 0.33125 0.034375 0.021875