3 0.38046875 0.3515625 0.05078125 0.0375
3 0.47734375 0.3609375 0.05078125 0.028125
3 0.35625 0.2390625 0.05390625 0.040625
3 0.15625 0.28671875 0.0625 0.0296875
3 0.27421875 0.5609375 0.05390625 0.01875
3 0.0328125 0.57578125 0.03671875 0.0265625
3 0.64921875 0.58203125 0.05390625 0.0265625
3 0.890625 0.5171875 0.0484375 0.03125
3 0.89609375 0.47109375 0.059375 0.0328125
3 0.94296875 0.503125 0.05703125 0.028125
3 0.9203125 0.43515625 0.0453125 0.0359375
3 0.9046875 0.4015625 0.065625 0.04375
3 0.83359375 0.3640625 0.065625 0.034375
3 0.859375 0.33515625 0.05390625 0.0234375
3 0.86484375 0.31171875 0.05390625 0.0265625
3 0.7359375 0.38359375 0.0453125 0.0390625