3 0.03671875 0.278125 0.05078125 0.040625
3 0.05234375 0.38984375 0.0765625 0.0265625
3 0.1421875 0.30546875 0.05078125 0.0296875
3 0.38046875 0.6140625 0.05703125 0.028125
3 0.02578125 0.64375 0.0453125 0.021875
3 0.78125 0.62265625 0.03984375 0.0265625
3 0.5765625 0.55 0.05078125 0.0375
3 0.628125 0.52734375 0.0453125 0.0265625
3 0.58359375 0.43046875 0.059375 0.0328125
3 0.52265625 0.390625 0.05703125 0.040625
3 0.5296875 0.36640625 0.05390625 0.0296875
3 0.4984375 0.35 0.0484375 0.028125
3 0.40078125 0.3265625 0.05703125 0.025
3 0.6421875 0.346875 0.05078125 0.0375
3 0.62109375 0.45546875 0.0484375 0.0328125