3 0.5765625 0.16796875 0.06796875 0.0296875
3 0.61484375 0.12421875 0.07109375 0.0390625
3 0.5796875 0.1453125 0.05078125 0.021875
3 0.49453125 0.2203125 0.05078125 0.03125
3 0.44765625 0.23828125 0.05390625 0.0359375
3 0.43359375 0.44453125 0.0484375 0.0265625
3 0.43359375 0.4640625 0.059375 0.034375
3 0.171875 0.58671875 0.03671875 0.0265625
3 0.35390625 0.57421875 0.03671875 0.0265625
3 0.47890625 0.53671875 0.0484375 0.0421875
3 0.534375 0.615625 0.0625 0.040625
3 0.72890625 0.22421875 0.059375 0.0296875