3 0.12109375 0.4625 0.0765625 0.03125
3 0.08828125 0.215625 0.07421875 0.03125
3 0.3125 0.54296875 0.03984375 0.0296875
3 0.16875 0.49921875 0.065625 0.0234375
3 0.49609375 0.65625 0.04296875 0.040625
3 0.72578125 0.525 0.05390625 0.03125
3 0.52421875 0.53203125 0.0484375 0.0296875
3 0.4703125 0.43671875 0.065625 0.0359375
3 0.34921875 0.38203125 0.08515625 0.0421875
3 0.75 0.39921875 0.08515625 0.0421875
3 0.56796875 0.37734375 0.06796875 0.0328125
3 0.70625 0.3515625 0.05390625 0.034375
3 0.715625 0.2875 0.07421875 0.0375
3 0.60546875 0.28671875 0.0796875 0.0359375
3 0.60625 0.23046875 0.08828125 0.0296875
3 0.49296875 0.25546875 0.05390625 0.0296875
3 0.51171875 0.30625 0.0453125 0.03125
3 0.5625 0.3265625 0.06796875 0.034375