3 0.1375 0.2765625 0.059375 0.046875
3 0.13671875 0.3578125 0.05078125 0.0375
3 0.1546875 0.5296875 0.0765625 0.03125
3 0.07109375 0.48046875 0.0625 0.0234375
3 0.1109375 0.625 0.05078125 0.028125
3 0.3421875 0.57578125 0.0484375 0.0328125
3 0.11640625 0.4203125 0.0453125 0.028125
3 0.5921875 0.45390625 0.05390625 0.0296875
3 0.5953125 0.42421875 0.08203125 0.0296875
3 0.52734375 0.5625 0.059375 0.028125
3 0.68359375 0.5359375 0.065625 0.021875
3 0.746875 0.59921875 0.05703125 0.0296875
3 0.74296875 0.62109375 0.03671875 0.0234375
3 0.70859375 0.58203125 0.0484375 0.0296875
3 0.63359375 0.21796875 0.05703125 0.0390625
3 0.6703125 0.2 0.0625 0.034375
3 0.753125 0.1453125 0.06796875 0.03125
3 0.7828125 0.10546875 0.0484375 0.0296875