3 0.47421875 0.39375 0.0625 0.021875
3 0.471875 0.36328125 0.05078125 0.0296875
3 0.48828125 0.46484375 0.0625 0.0296875
3 0.42734375 0.415625 0.04296875 0.028125
3 0.471875 0.41875 0.0625 0.025
3 0.3890625 0.5140625 0.05078125 0.025
3 0.77109375 0.53359375 0.05390625 0.0390625
3 0.66015625 0.49140625 0.0484375 0.0328125
3 0.75390625 0.36875 0.0484375 0.034375
3 0.7671875 0.2859375 0.06796875 0.0375
3 0.71015625 0.42578125 0.05703125 0.0265625
3 0.653125 0.31328125 0.06796875 0.0296875
3 0.54296875 0.57265625 0.0625 0.0296875
3 0.721875 0.6328125 0.0625 0.03125