3 0.6265625 0.21875 0.04296875 0.03125
3 0.66484375 0.20078125 0.0796875 0.0296875
3 0.7484375 0.15 0.059375 0.034375
3 0.7796875 0.10234375 0.05390625 0.0390625
3 0.58828125 0.43125 0.07421875 0.028125
3 0.575 0.45390625 0.10546875 0.0390625
3 0.66328125 0.534375 0.03671875 0.025
3 0.7328125 0.60078125 0.05703125 0.0234375
3 0.72890625 0.6234375 0.03125 0.025
3 0.51015625 0.56640625 0.04296875 0.0328125
3 0.29296875 0.56328125 0.05078125 0.0234375
3 0.14375 0.52265625 0.05390625 0.0421875
3 0.1125 0.61953125 0.08828125 0.0265625
3 0.12109375 0.35390625 0.07109375 0.0390625
3 0.11953125 0.278125 0.07421875 0.0375
3 0.0625 0.47421875 0.05078125 0.0265625