3 0.31953125 0.23515625 0.0765625 0.0359375
3 0.21171875 0.2484375 0.065625 0.0375
3 0.28125 0.3328125 0.07421875 0.034375
3 0.23125 0.30859375 0.09375 0.0390625
3 0.3296875 0.2890625 0.07421875 0.03125
3 0.42734375 0.30625 0.065625 0.0375
3 0.44765625 0.34921875 0.0765625 0.0421875
3 0.421875 0.36953125 0.05390625 0.0296875
3 0.46484375 0.40703125 0.08203125 0.0453125
3 0.14921875 0.4765625 0.065625 0.03125
3 0.03828125 0.39296875 0.07109375 0.0359375
3 0.05234375 0.35859375 0.0765625 0.0328125
3 0.16015625 0.6796875 0.0765625 0.040625
3 0.203125 0.6421875 0.08203125 0.040625
3 0.41484375 0.54453125 0.03984375 0.0390625
3 0.88046875 0.62734375 0.06796875 0.0328125
3 0.81640625 0.5078125 0.07109375 0.025
3 0.8125 0.34765625 0.07421875 0.0328125