3 0.10078125 0.26015625 0.059375 0.0359375
3 0.11640625 0.3734375 0.0625 0.034375
3 0.0296875 0.45234375 0.05390625 0.0328125
3 0.22734375 0.37734375 0.0625 0.0265625
3 0.19921875 0.2890625 0.05703125 0.034375
3 0.03984375 0.584375 0.05703125 0.03125
3 0.4234375 0.6 0.05078125 0.028125
3 0.63203125 0.53125 0.07109375 0.034375
3 0.68359375 0.51484375 0.059375 0.0328125
3 0.83828125 0.60390625 0.05703125 0.0296875
3 0.6375 0.41953125 0.04296875 0.0328125
3 0.575 0.37890625 0.07109375 0.0296875
3 0.590625 0.35546875 0.06796875 0.0234375
3 0.59765625 0.33125 0.05390625 0.015625
3 0.5453125 0.33671875 0.034375 0.0265625
3 0.72265625 0.325 0.0484375 0.028125