3 0.528125 0.17421875 0.06796875 0.0265625
3 0.565625 0.128125 0.05078125 0.0375
3 0.440625 0.2265625 0.03984375 0.028125
3 0.4046875 0.2390625 0.059375 0.034375
3 0.3734375 0.44140625 0.07109375 0.0328125
3 0.3765625 0.46796875 0.07109375 0.0265625
3 0.13671875 0.58984375 0.03984375 0.0203125
3 0.440625 0.546875 0.06796875 0.03125
3 0.3140625 0.57421875 0.05390625 0.0328125
3 0.5 0.6078125 0.0625 0.021875
3 0.5015625 0.62734375 0.05390625 0.0390625
3 0.88671875 0.48125 0.03984375 0.028125
3 0.978125 0.34375 0.04375 0.04375