3 0.28125 0.24921875 0.07421875 0.0421875
3 0.2953125 0.36171875 0.03984375 0.0296875
3 0.28828125 0.29140625 0.03125 0.0359375
3 0.06953125 0.29375 0.04296875 0.028125
3 0.39453125 0.36171875 0.05078125 0.0296875
3 0.76015625 0.340625 0.065625 0.025
3 0.76875 0.3203125 0.0484375 0.021875
3 0.72265625 0.32265625 0.0484375 0.0203125
3 0.14765625 0.62734375 0.0625 0.0328125
3 0.58671875 0.58203125 0.04296875 0.0265625
3 0.7984375 0.51953125 0.05078125 0.0296875
3 0.81796875 0.40625 0.07421875 0.034375
3 0.75 0.36484375 0.0625 0.0296875
3 0.90234375 0.31328125 0.05390625 0.0234375
3 0.92890625 0.4890625 0.05078125 0.025
3 0.80546875 0.4765625 0.05390625 0.028125
3 0.6546875 0.3953125 0.0484375 0.0375
3 0.6375 0.296875 0.04296875 0.028125