3 0.128125 0.25703125 0.05078125 0.0390625
3 0.234375 0.290625 0.059375 0.03125
3 0.14453125 0.36953125 0.05703125 0.0234375
3 0.26171875 0.36953125 0.07421875 0.0296875
3 0.05859375 0.45625 0.07109375 0.028125
3 0.02734375 0.64453125 0.0484375 0.0265625
3 0.45 0.5953125 0.05390625 0.03125
3 0.6734375 0.5328125 0.0625 0.03125
3 0.71875 0.5125 0.05703125 0.01875
3 0.6703125 0.4859375 0.05078125 0.034375
3 0.66328125 0.41171875 0.0765625 0.0359375
3 0.61484375 0.36953125 0.065625 0.0296875
3 0.6125 0.3484375 0.05390625 0.025
3 0.58984375 0.328125 0.05390625 0.021875
3 0.76953125 0.31875 0.05703125 0.028125
3 0.8578125 0.603125 0.0453125 0.028125
3 0.52265625 0.5421875 0.05078125 0.025
3 0.484375 0.31015625 0.059375 0.0265625