3 0.11953125 0.4640625 0.0796875 0.034375
3 0.16875 0.49765625 0.065625 0.0390625
3 0.325 0.534375 0.05390625 0.034375
3 0.50703125 0.65859375 0.065625 0.0359375
3 0.5328125 0.53046875 0.07109375 0.0390625
3 0.7359375 0.52578125 0.05703125 0.0171875
3 0.753125 0.3890625 0.08515625 0.03125
3 0.715625 0.35234375 0.0625 0.0265625
3 0.590625 0.37578125 0.06796875 0.0296875
3 0.5765625 0.321875 0.0796875 0.046875
3 0.53125 0.29921875 0.090625 0.0328125
3 0.5015625 0.25078125 0.0765625 0.0453125
3 0.6390625 0.23046875 0.0796875 0.0296875
3 0.73125 0.2875 0.065625 0.0375
3 0.61953125 0.28515625 0.06796875 0.0328125
3 0.36953125 0.3984375 0.0625 0.05