3 0.046875 0.50390625 0.08828125 0.0328125
3 0.39921875 0.528125 0.059375 0.034375
3 0.840625 0.46484375 0.05703125 0.0265625
3 0.14375 0.3875 0.04296875 0.021875
3 0.14375 0.36015625 0.05390625 0.0296875
3 0.390625 0.28515625 0.065625 0.0328125
3 0.3890625 0.36015625 0.06796875 0.0390625
3 0.890625 0.22734375 0.0484375 0.0453125
3 0.92734375 0.2125 0.07109375 0.03125
3 0.91875 0.515625 0.0484375 0.025
3 0.91484375 0.5390625 0.05703125 0.021875
3 0.746875 0.57109375 0.0625 0.0296875
3 0.97265625 0.58828125 0.05390625 0.0234375
3 0.55390625 0.58359375 0.05078125 0.0296875
3 0.3109375 0.4828125 0.0484375 0.01875
3 0.359375 0.4234375 0.04296875 0.025