3 0.08359375 0.16328125 0.065625 0.0421875
3 0.03828125 0.20859375 0.059375 0.0359375
3 0.0328125 0.6640625 0.059375 0.025
3 0.034375 0.69375 0.0625 0.034375
3 0.2796875 0.50859375 0.08203125 0.0171875
3 0.25546875 0.4453125 0.07421875 0.03125
3 0.6265625 0.23671875 0.059375 0.0359375
3 0.75703125 0.2203125 0.0484375 0.034375
3 0.7171875 0.21640625 0.065625 0.0234375
3 0.64765625 0.290625 0.07421875 0.034375
3 0.71171875 0.3609375 0.05390625 0.03125
3 0.71171875 0.31328125 0.04296875 0.0390625
3 0.86640625 0.27734375 0.0625 0.0390625
3 0.72890625 0.27109375 0.059375 0.0296875
3 0.8734375 0.37734375 0.08203125 0.0390625
3 0.8453125 0.340625 0.0484375 0.021875
3 0.51015625 0.37421875 0.065625 0.0390625
3 0.4515625 0.51875 0.0453125 0.034375
3 0.66015625 0.51484375 0.03671875 0.0296875
3 0.609375 0.428125 0.04296875 0.03125