3 0.4546875 0.3359375 0.0625 0.0375
3 0.55390625 0.34765625 0.05703125 0.0328125
3 0.440625 0.221875 0.06796875 0.040625
3 0.23125 0.38359375 0.05390625 0.0296875
3 0.2203125 0.5 0.0484375 0.034375
3 0.07265625 0.57421875 0.0484375 0.0234375
3 0.34375 0.56171875 0.0453125 0.0296875
3 0.2828125 0.6359375 0.0484375 0.025
3 0.721875 0.578125 0.05703125 0.03125
3 0.9546875 0.33984375 0.05703125 0.0296875
3 0.96875 0.31640625 0.0625 0.0296875
3 0.93203125 0.29765625 0.05078125 0.0234375
3 0.8265625 0.37109375 0.06796875 0.0359375
3 0.90625 0.23359375 0.05703125 0.0265625
3 0.85234375 0.478125 0.05703125 0.034375