3 0.35390625 0.23359375 0.065625 0.0296875
3 0.31953125 0.2484375 0.0484375 0.040625
3 0.4359375 0.18125 0.065625 0.025
3 0.47578125 0.13828125 0.05390625 0.0390625
3 0.3109375 0.446875 0.0484375 0.0375
3 0.30546875 0.4734375 0.0484375 0.03125
3 0.05234375 0.59765625 0.03671875 0.0359375
3 0.33828125 0.55390625 0.07421875 0.0265625
3 0.41640625 0.63828125 0.03125 0.0265625
3 0.41484375 0.615625 0.06796875 0.0375
3 0.23984375 0.58203125 0.07109375 0.0421875
3 0.97265625 0.59921875 0.0484375 0.0359375
3 0.978125 0.21171875 0.04375 0.0453125
3 0.75859375 0.37265625 0.06796875 0.0421875