3 0.10625 0.32421875 0.09375 0.0515625
3 0.03125 0.3125 0.05703125 0.034375
3 0.02265625 0.25625 0.03984375 0.040625
3 0.18359375 0.44296875 0.08828125 0.0515625
3 0.10390625 0.4 0.065625 0.028125
3 0.15234375 0.38046875 0.09375 0.0359375
3 0.1109375 0.58359375 0.0796875 0.0453125
3 0.6265625 0.6890625 0.065625 0.03125
3 0.55703125 0.5515625 0.07421875 0.034375
3 0.76015625 0.5953125 0.07109375 0.03125
3 0.765625 0.64140625 0.04296875 0.0328125
3 0.69296875 0.45859375 0.03984375 0.0265625
3 0.53984375 0.40390625 0.07421875 0.0328125
3 0.565625 0.3703125 0.08515625 0.025