3 0.27109375 0.284375 0.05390625 0.040625
3 0.02421875 0.38828125 0.04296875 0.0265625
3 0.034375 0.36328125 0.0625 0.0265625
3 0.26875 0.36484375 0.07109375 0.0328125
3 0.28125 0.52890625 0.0796875 0.0296875
3 0.2 0.48984375 0.0484375 0.0265625
3 0.08671875 0.56796875 0.07109375 0.0234375
3 0.2359375 0.428125 0.034375 0.021875
3 0.44296875 0.58671875 0.06796875 0.0265625
3 0.253125 0.62890625 0.06796875 0.0234375
3 0.640625 0.575 0.065625 0.025
3 0.7328125 0.46328125 0.05703125 0.0234375
3 0.73828125 0.43671875 0.08515625 0.0265625
3 0.77421875 0.23046875 0.07109375 0.0359375
3 0.81796875 0.2125 0.05703125 0.03125
3 0.91171875 0.1234375 0.0796875 0.0375
3 0.87890625 0.16015625 0.04296875 0.0296875
3 0.8140625 0.5421875 0.04296875 0.03125
3 0.765625 0.5265625 0.04296875 0.01875
3 0.8734375 0.60703125 0.065625 0.0328125