3 0.50859375 0.3875 0.05703125 0.03125
3 0.5 0.35703125 0.05078125 0.0265625
3 0.50390625 0.4125 0.0484375 0.025
3 0.5171875 0.4609375 0.05078125 0.025
3 0.80703125 0.52734375 0.0625 0.0328125
3 0.6859375 0.48671875 0.05390625 0.0296875
3 0.57265625 0.56484375 0.059375 0.0296875
3 0.434375 0.5046875 0.06796875 0.025
3 0.79375 0.35546875 0.065625 0.0421875
3 0.7984375 0.27734375 0.05078125 0.0421875
3 0.6859375 0.30625 0.065625 0.034375
3 0.746875 0.425 0.05078125 0.03125
3 0.75859375 0.39453125 0.03984375 0.0296875
3 0.765625 0.6234375 0.05390625 0.03125