3 0.03671875 0.2828125 0.0625 0.0375
3 0.0296875 0.36484375 0.05390625 0.0390625
3 0.0453125 0.52734375 0.06796875 0.0421875
3 0.50546875 0.4640625 0.0625 0.021875
3 0.5 0.4296875 0.090625 0.028125
3 0.24609375 0.58203125 0.0484375 0.0328125
3 0.5484375 0.5453125 0.0625 0.03125
3 0.4203125 0.56875 0.0796875 0.034375
3 0.628125 0.60703125 0.05078125 0.0296875
3 0.6265625 0.6359375 0.04296875 0.03125
3 0.5296875 0.23515625 0.0484375 0.0265625
3 0.565625 0.2109375 0.0625 0.034375
3 0.64609375 0.16015625 0.07109375 0.0234375
3 0.6890625 0.11796875 0.0484375 0.0421875