3 0.35625 0.2828125 0.0484375 0.04375
3 0.340625 0.36171875 0.05078125 0.0265625
3 0.0953125 0.38359375 0.03671875 0.0359375
3 0.10390625 0.353125 0.05390625 0.034375
3 0.26171875 0.484375 0.05078125 0.03125
3 0.01953125 0.5046875 0.034375 0.025
3 0.359375 0.52734375 0.08203125 0.0328125
3 0.1703125 0.5609375 0.0453125 0.025
3 0.51171875 0.58515625 0.05078125 0.0203125
3 0.3265625 0.62421875 0.05703125 0.0265625
3 0.840625 0.2328125 0.05703125 0.028125
3 0.8875 0.21015625 0.065625 0.0265625
3 0.97734375 0.12265625 0.0453125 0.0453125
3 0.95703125 0.159375 0.07421875 0.025
3 0.809375 0.43515625 0.0453125 0.0359375
3 0.80234375 0.4640625 0.07109375 0.028125
3 0.8765625 0.53671875 0.0484375 0.0296875
3 0.86484375 0.515625 0.04296875 0.025
3 0.9203125 0.58125 0.0453125 0.025
3 0.95 0.6 0.059375 0.021875
3 0.94765625 0.6234375 0.03671875 0.03125
3 0.71015625 0.56796875 0.06796875 0.0359375
3 0.3140625 0.43203125 0.05390625 0.0265625