3 0.34921875 0.32734375 0.07421875 0.0390625
3 0.28125 0.25625 0.07421875 0.034375
3 0.40078125 0.24296875 0.05703125 0.0359375
3 0.5 0.30078125 0.0625 0.0453125
3 0.5328125 0.3546875 0.059375 0.04375
3 0.49296875 0.36796875 0.065625 0.0328125
3 0.52109375 0.41015625 0.065625 0.0453125
3 0.3609375 0.3859375 0.06796875 0.040625
3 0.153125 0.35859375 0.08515625 0.0390625
3 0.11953125 0.39296875 0.07421875 0.0328125
3 0.21328125 0.4734375 0.034375 0.03125
3 0.48984375 0.54140625 0.0484375 0.0296875
3 0.2484375 0.67578125 0.09921875 0.0390625
3 0.27578125 0.64765625 0.0625 0.0359375
3 0.08671875 0.54609375 0.0765625 0.0359375
3 0.940625 0.6234375 0.07421875 0.046875
3 0.8734375 0.5015625 0.09375 0.04375
3 0.88203125 0.34140625 0.0765625 0.0359375
3 0.26953125 0.45 0.0625 0.03125