3 0.54375 0.24609375 0.05390625 0.0359375
3 0.43359375 0.2671875 0.05390625 0.034375
3 0.49453125 0.3359375 0.0796875 0.0375
3 0.52421875 0.3 0.065625 0.0375
3 0.44921875 0.321875 0.0625 0.034375
3 0.2828125 0.4015625 0.059375 0.04375
3 0.309375 0.3640625 0.07421875 0.0375
3 0.0484375 0.475 0.06796875 0.03125
3 0.03671875 0.22734375 0.06796875 0.0234375
3 0.11328125 0.4859375 0.0453125 0.025
3 0.41484375 0.6703125 0.05703125 0.028125
3 0.64453125 0.53984375 0.090625 0.0296875
3 0.4375 0.53359375 0.0796875 0.0328125
3 0.36484375 0.48125 0.059375 0.025
3 0.671875 0.40625 0.065625 0.0375
3 0.5015625 0.38828125 0.059375 0.0296875
3 0.64765625 0.36484375 0.0625 0.0265625
3 0.66328125 0.3078125 0.065625 0.05