3 0.096875 0.47265625 0.08515625 0.0359375
3 0.14375 0.5015625 0.05390625 0.028125
3 0.296875 0.54609375 0.0484375 0.0453125
3 0.06796875 0.2265625 0.0453125 0.03125
3 0.465625 0.66796875 0.06796875 0.0265625
3 0.50546875 0.53671875 0.06796875 0.0265625
3 0.471875 0.51875 0.05703125 0.025
3 0.7046875 0.53203125 0.0625 0.0265625
3 0.440625 0.44296875 0.0625 0.0296875
3 0.33359375 0.396875 0.07109375 0.034375
3 0.346875 0.36015625 0.07421875 0.0296875
3 0.71875 0.39921875 0.0625 0.0328125
3 0.6859375 0.36328125 0.0765625 0.0328125
3 0.546875 0.384375 0.059375 0.028125
3 0.55078125 0.33046875 0.08515625 0.0390625
3 0.50390625 0.31015625 0.08203125 0.0265625
3 0.7015625 0.296875 0.07421875 0.040625
3 0.47578125 0.25703125 0.065625 0.0359375
3 0.596875 0.23671875 0.05703125 0.0328125
3 0.57109375 0.29140625 0.06796875 0.0328125