3 0.45625 0.50703125 0.07109375 0.0296875
3 0.47890625 0.40703125 0.04296875 0.0421875
3 0.52265625 0.40703125 0.05078125 0.0328125
3 0.5296875 0.38515625 0.059375 0.0328125
3 0.52578125 0.359375 0.0625 0.028125
3 0.8109375 0.3578125 0.0765625 0.0375
3 0.703125 0.29765625 0.059375 0.0390625
3 0.80859375 0.2765625 0.08203125 0.04375
3 0.83515625 0.5265625 0.05703125 0.0375
3 0.58125 0.58984375 0.059375 0.0296875
3 0.78984375 0.62109375 0.0453125 0.0296875
3 0.76875 0.42109375 0.05390625 0.0359375