3 0.1265625 0.16484375 0.059375 0.0328125
3 0.08203125 0.21171875 0.06796875 0.0390625
3 0.02578125 0.27421875 0.0453125 0.0265625
3 0.05703125 0.6578125 0.06796875 0.040625
3 0.075 0.690625 0.0765625 0.025
3 0.28828125 0.44921875 0.07109375 0.0328125
3 0.47890625 0.52265625 0.065625 0.0265625
3 0.30390625 0.50625 0.05078125 0.03125
3 0.69140625 0.29140625 0.05390625 0.0296875
3 0.66015625 0.23984375 0.059375 0.0328125
3 0.8 0.21953125 0.07109375 0.0359375
3 0.746875 0.21796875 0.05703125 0.0203125
3 0.90078125 0.27890625 0.07421875 0.0390625
3 0.871875 0.3359375 0.0625 0.034375
3 0.74296875 0.3671875 0.0484375 0.034375
3 0.90234375 0.378125 0.0765625 0.0375
3 0.690625 0.5109375 0.03984375 0.03125
3 0.53828125 0.36640625 0.05390625 0.0390625