3 0.05546875 0.325 0.08203125 0.053125
3 0.10234375 0.38046875 0.090625 0.0359375
3 0.04375 0.4015625 0.08203125 0.04375
3 0.13046875 0.44609375 0.096875 0.0453125
3 0.04296875 0.59453125 0.0796875 0.0328125
3 0.575 0.69375 0.059375 0.04375
3 0.5140625 0.5578125 0.06796875 0.0375
3 0.71875 0.596875 0.06796875 0.025
3 0.72890625 0.64453125 0.0484375 0.0359375
3 0.515625 0.40625 0.08203125 0.021875
3 0.503125 0.3703125 0.0625 0.01875
3 0.64765625 0.46484375 0.0625 0.0234375
3 0.66328125 0.4171875 0.05390625 0.0375