3 0.4390625 0.3390625 0.0484375 0.0375
3 0.55078125 0.3515625 0.0625 0.034375
3 0.215625 0.38828125 0.0453125 0.0328125
3 0.20859375 0.50078125 0.059375 0.0359375
3 0.07109375 0.57734375 0.034375 0.0296875
3 0.2796875 0.63046875 0.059375 0.0234375
3 0.71015625 0.58203125 0.096875 0.0296875
3 0.84375 0.484375 0.05703125 0.021875
3 0.978125 0.4640625 0.04375 0.0375
3 0.9796875 0.3921875 0.040625 0.034375
3 0.94296875 0.34609375 0.05703125 0.0328125
3 0.965625 0.32109375 0.06796875 0.0296875
3 0.94140625 0.2984375 0.08203125 0.028125
3 0.81796875 0.3765625 0.05703125 0.03125
3 0.7984375 0.2765625 0.07421875 0.025
3 0.4375 0.2234375 0.05703125 0.04375
3 0.44453125 0.27734375 0.059375 0.0328125
3 0.53125 0.25703125 0.0625 0.0234375