3 0.109375 0.64453125 0.08828125 0.0453125
3 0.0953125 0.69765625 0.08203125 0.0390625
3 0.078125 0.49765625 0.05390625 0.0328125
3 0.0609375 0.44609375 0.065625 0.0265625
3 0.690625 0.46953125 0.090625 0.0390625
3 0.7015625 0.5171875 0.07421875 0.03125
3 0.878125 0.5484375 0.0796875 0.0375
3 0.89453125 0.59296875 0.096875 0.0390625
3 0.871875 0.68203125 0.08515625 0.0484375
3 0.83984375 0.696875 0.09375 0.04375
3 0.6703125 0.67890625 0.05703125 0.0328125
3 0.63515625 0.68984375 0.059375 0.0359375
3 0.70625 0.68515625 0.07109375 0.0296875
3 0.80859375 0.26796875 0.09921875 0.0453125
3 0.80390625 0.2953125 0.0625 0.040625
3 0.721875 0.3453125 0.0625 0.053125
3 0.734375 0.44921875 0.05390625 0.0328125