3 0.31953125 0.40078125 0.04296875 0.0265625
3 0.3109375 0.3640625 0.059375 0.021875
3 0.31796875 0.559375 0.0625 0.040625
3 0.48828125 0.4640625 0.05078125 0.0375
3 0.4859375 0.4171875 0.05078125 0.03125
3 0.38203125 0.44375 0.05390625 0.034375
3 0.46484375 0.5109375 0.0484375 0.025
3 0.484375 0.5859375 0.05390625 0.028125
3 0.559375 0.5984375 0.0625 0.03125
3 0.53671875 0.64453125 0.0796875 0.0296875
3 0.378125 0.6921875 0.06796875 0.0375
3 0.44609375 0.70859375 0.0625 0.0265625
3 0.36953125 0.7859375 0.07421875 0.040625
3 0.97734375 0.653125 0.0453125 0.040625
3 0.9796875 0.72890625 0.040625 0.0328125