3 0.059375 0.30625 0.08515625 0.0375
3 0.08828125 0.26953125 0.07421875 0.0390625
3 0.08671875 0.41328125 0.07109375 0.0359375
3 0.096875 0.36171875 0.10234375 0.0421875
3 0.10546875 0.490625 0.0796875 0.05
3 0.17890625 0.5765625 0.1078125 0.053125
3 0.08828125 0.553125 0.07421875 0.046875
3 0.0453125 0.646875 0.05078125 0.025
3 0.03125 0.665625 0.05078125 0.03125
3 0.08515625 0.6640625 0.05078125 0.034375
3 0.17734375 0.66328125 0.05390625 0.0265625
3 0.21875 0.615625 0.05078125 0.028125
3 0.765625 0.33359375 0.0765625 0.0390625
3 0.77734375 0.28515625 0.0765625 0.0390625
3 0.978125 0.32421875 0.04375 0.0359375
3 0.85625 0.365625 0.065625 0.040625
3 0.878125 0.41171875 0.07421875 0.0484375
3 0.96484375 0.44453125 0.059375 0.0328125
3 0.97109375 0.55546875 0.0578125 0.0484375
3 0.8625 0.5140625 0.08203125 0.05