3 0.07421875 0.35703125 0.07421875 0.0359375
3 0.0640625 0.40390625 0.08203125 0.0328125
3 0.125 0.4 0.0796875 0.028125
3 0.20625 0.31796875 0.065625 0.0328125
3 0.22734375 0.54140625 0.06796875 0.0328125
3 0.25 0.59765625 0.0625 0.0359375
3 0.253125 0.5609375 0.03984375 0.01875
3 0.13359375 0.5046875 0.05703125 0.025
3 0.425 0.3109375 0.059375 0.034375
3 0.58671875 0.37734375 0.0765625 0.0421875
3 0.66171875 0.38046875 0.0625 0.0296875
3 0.703125 0.503125 0.065625 0.0375
3 0.77109375 0.3046875 0.05390625 0.025
3 0.62109375 0.27734375 0.07109375 0.0390625
3 0.86328125 0.26875 0.0453125 0.0375
3 0.86640625 0.21875 0.07421875 0.04375
3 0.72578125 0.1921875 0.059375 0.034375
3 0.71875 0.15625 0.05703125 0.0375