3 0.05703125 0.328125 0.0796875 0.034375
3 0.25859375 0.29765625 0.08515625 0.0359375
3 0.20859375 0.3921875 0.059375 0.03125
3 0.20625 0.42109375 0.0484375 0.0328125
3 0.1546875 0.36640625 0.04296875 0.0265625
3 0.3140625 0.40078125 0.0765625 0.0453125
3 0.25703125 0.490625 0.0765625 0.0375
3 0.5171875 0.303125 0.06796875 0.034375
3 0.52578125 0.24921875 0.08515625 0.0390625
3 0.640625 0.4109375 0.05390625 0.03125
3 0.3625 0.52734375 0.065625 0.0328125
3 0.903125 0.52890625 0.06796875 0.0359375
3 0.91484375 0.49140625 0.05703125 0.0296875
3 0.953125 0.47421875 0.059375 0.0359375
3 0.921875 0.62734375 0.065625 0.0296875
3 0.5171875 0.546875 0.05078125 0.0375
3 0.24140625 0.73203125 0.0453125 0.0296875
3 0.8890625 0.31015625 0.06796875 0.0296875
3 0.840625 0.31015625 0.05078125 0.0296875