3 0.19609375 0.32890625 0.10234375 0.0453125
3 0.21484375 0.27890625 0.09375 0.0296875
3 0.346875 0.27734375 0.03984375 0.0234375
3 0.41171875 0.321875 0.0625 0.03125
3 0.4078125 0.3609375 0.05390625 0.04375
3 0.3453125 0.40546875 0.0765625 0.0359375
3 0.29140625 0.4046875 0.08203125 0.03125
3 0.27734375 0.3625 0.08828125 0.046875
3 0.42578125 0.54296875 0.07421875 0.0328125
3 0.44453125 0.571875 0.059375 0.025
3 0.46171875 0.60390625 0.065625 0.0359375
3 0.91328125 0.49765625 0.04296875 0.0359375
3 0.7640625 0.3734375 0.0625 0.040625
3 0.61953125 0.31484375 0.0625 0.0359375
3 0.83125 0.284375 0.08828125 0.040625
3 0.91328125 0.165625 0.09375 0.03125
3 0.91796875 0.190625 0.0625 0.03125
3 0.9640625 0.31015625 0.071875 0.0453125
3 0.85078125 0.3765625 0.059375 0.04375