3 0.17890625 0.40546875 0.08515625 0.0390625
3 0.23125 0.378125 0.0484375 0.03125
3 0.24453125 0.4515625 0.0453125 0.01875
3 0.3609375 0.4203125 0.05703125 0.0375
3 0.371875 0.475 0.028125 0.028125
3 0.33125 0.51640625 0.04296875 0.0328125
3 0.15078125 0.56796875 0.05078125 0.0421875
3 0.42578125 0.60390625 0.05078125 0.0359375
3 0.34765625 0.5984375 0.04296875 0.040625
3 0.40078125 0.65859375 0.0453125 0.0296875
3 0.284375 0.71640625 0.05078125 0.0484375
3 0.21328125 0.7078125 0.07421875 0.0375
3 0.21015625 0.80703125 0.07421875 0.0453125
3 0.8921875 0.66328125 0.05078125 0.0265625
3 0.9390625 0.66484375 0.065625 0.0328125
3 0.97578125 0.45390625 0.0484375 0.0546875
3 0.9390625 0.55390625 0.059375 0.0453125