3 0.08828125 0.34453125 0.06796875 0.0421875
3 0.284375 0.31484375 0.0796875 0.0390625
3 0.2375 0.41171875 0.07109375 0.0328125
3 0.2328125 0.43359375 0.0625 0.0265625
3 0.3625 0.41796875 0.0484375 0.0390625
3 0.55703125 0.2640625 0.06796875 0.04375
3 0.55 0.31796875 0.059375 0.0328125
3 0.54296875 0.5703125 0.0625 0.0375
3 0.37109375 0.5375 0.07109375 0.03125
3 0.27265625 0.50859375 0.06796875 0.0265625
3 0.9359375 0.32734375 0.05390625 0.0265625
3 0.87890625 0.33203125 0.059375 0.0328125
3 0.9046875 0.3484375 0.03671875 0.025
3 0.67578125 0.42578125 0.03984375 0.0390625
3 0.94609375 0.509375 0.0625 0.034375
3 0.94609375 0.55 0.07421875 0.04375
3 0.83984375 0.56328125 0.05390625 0.0328125
3 0.96015625 0.64921875 0.0796875 0.0390625
3 0.26171875 0.74765625 0.05703125 0.0328125