3 0.10546875 0.303125 0.06796875 0.0375
3 0.11796875 0.271875 0.07109375 0.0375
3 0.0296875 0.34375 0.05390625 0.0375
3 0.11953125 0.41796875 0.07421875 0.0484375
3 0.1390625 0.5 0.05078125 0.034375
3 0.12109375 0.48359375 0.059375 0.0234375
3 0.09375 0.5640625 0.07421875 0.05
3 0.21875 0.5796875 0.07421875 0.046875
3 0.24296875 0.621875 0.065625 0.0375
3 0.20859375 0.6640625 0.065625 0.034375
3 0.1859375 0.68046875 0.05390625 0.0296875
3 0.11796875 0.6671875 0.05390625 0.03125
3 0.0765625 0.65390625 0.05703125 0.0265625
3 0.05390625 0.66796875 0.0625 0.0328125
3 0.80703125 0.3375 0.0796875 0.040625
3 0.82109375 0.28984375 0.0796875 0.0421875
3 0.93046875 0.4140625 0.0765625 0.0375
3 0.9078125 0.3640625 0.08203125 0.046875
3 0.91171875 0.5265625 0.0796875 0.034375