3 0.0609375 0.47578125 0.09921875 0.0515625
3 0.234375 0.51015625 0.0484375 0.0296875
3 0.2359375 0.42890625 0.07421875 0.0390625
3 0.203125 0.36328125 0.065625 0.0265625
3 0.20859375 0.31328125 0.05390625 0.0296875
3 0.22421875 0.28046875 0.06796875 0.0265625
3 0.32265625 0.5921875 0.059375 0.04375
3 0.315625 0.68125 0.0625 0.03125
3 0.30078125 0.6921875 0.05703125 0.028125
3 0.16015625 0.67109375 0.0484375 0.0265625
3 0.2046875 0.6796875 0.05078125 0.028125
3 0.14609375 0.6875 0.065625 0.0375
3 0.13203125 0.52578125 0.065625 0.0328125
3 0.92890625 0.34453125 0.090625 0.0453125
3 0.94765625 0.29140625 0.0765625 0.0390625