3 0.30078125 0.27265625 0.07421875 0.0359375
3 0.30078125 0.32265625 0.07421875 0.0390625
3 0.51015625 0.31328125 0.08203125 0.0359375
3 0.50859375 0.34921875 0.0796875 0.0296875
3 0.37109375 0.35625 0.07109375 0.040625
3 0.434375 0.26875 0.05078125 0.025
3 0.38046875 0.3953125 0.0796875 0.034375
3 0.45625 0.39921875 0.07109375 0.0390625
3 0.45703125 0.43125 0.06796875 0.03125
3 0.51953125 0.534375 0.08515625 0.034375
3 0.5484375 0.5578125 0.06796875 0.025
3 0.5484375 0.590625 0.0625 0.040625
3 0.71875 0.30703125 0.06796875 0.0328125
3 0.9203125 0.271875 0.090625 0.0375
3 0.978125 0.15234375 0.04375 0.0515625