3 0.03125 0.35 0.05703125 0.03125
3 0.05703125 0.40703125 0.05703125 0.0359375
3 0.08203125 0.48984375 0.06796875 0.0234375
3 0.15625 0.56484375 0.08515625 0.0421875
3 0.05 0.5515625 0.07109375 0.034375
3 0.05546875 0.26640625 0.10546875 0.0265625
3 0.1875 0.60546875 0.0453125 0.0328125
3 0.14609375 0.64921875 0.059375 0.0328125
3 0.05078125 0.6546875 0.05078125 0.03125
3 0.034375 0.6375 0.0625 0.028125
3 0.721875 0.32421875 0.090625 0.0359375
3 0.7375 0.28203125 0.07109375 0.0421875
3 0.871875 0.2734375 0.0625 0.034375
3 0.9546875 0.32109375 0.07421875 0.0390625
3 0.83203125 0.4 0.07421875 0.0375
3 0.81640625 0.3578125 0.065625 0.04375
3 0.91328125 0.43828125 0.065625 0.0453125
3 0.828125 0.51484375 0.08203125 0.0328125
3 0.94140625 0.5453125 0.08203125 0.040625
3 0.94140625 0.5703125 0.04296875 0.03125
3 0.9703125 0.6078125 0.059375 0.046875