3 0.25 0.315625 0.0796875 0.0375
3 0.1703125 0.3515625 0.0796875 0.046875
3 0.08671875 0.47734375 0.08203125 0.0453125
3 0.26015625 0.51328125 0.0765625 0.0296875
3 0.253125 0.4234375 0.0796875 0.040625
3 0.2375 0.36328125 0.059375 0.0390625
3 0.35234375 0.59140625 0.0796875 0.0515625
3 0.35078125 0.68203125 0.0765625 0.0421875
3 0.31953125 0.696875 0.065625 0.0375
3 0.23828125 0.68046875 0.0625 0.0390625
3 0.19296875 0.6703125 0.06796875 0.03125
3 0.16328125 0.6875 0.059375 0.03125
3 0.96171875 0.34296875 0.0765625 0.0328125
3 0.9640625 0.29296875 0.071875 0.0390625