3 0.3609375 0.2640625 0.06796875 0.04375
3 0.34375 0.2890625 0.05703125 0.0375
3 0.359375 0.40390625 0.05390625 0.0328125
3 0.2171875 0.4578125 0.08203125 0.046875
3 0.3109375 0.43515625 0.0765625 0.0359375
3 0.37109375 0.49609375 0.059375 0.0234375
3 0.36953125 0.47578125 0.05078125 0.0296875
3 0.27421875 0.50234375 0.07109375 0.0421875
3 0.46875 0.5765625 0.0796875 0.0375
3 0.48984375 0.53203125 0.065625 0.0359375
3 0.39453125 0.3515625 0.06796875 0.040625
3 0.27421875 0.334375 0.05390625 0.028125
3 0.16875 0.60625 0.059375 0.028125
3 0.45859375 0.6640625 0.07109375 0.040625
3 0.44921875 0.61953125 0.05703125 0.0265625
3 0.4375 0.678125 0.0625 0.04375
3 0.29140625 0.65234375 0.03671875 0.0265625
3 0.3296875 0.66640625 0.07421875 0.0234375
3 0.25 0.6703125 0.07421875 0.034375