3 0.27734375 0.4484375 0.0765625 0.05
3 0.315625 0.484375 0.06796875 0.040625
3 0.4390625 0.4859375 0.065625 0.01875
3 0.41328125 0.45703125 0.059375 0.0203125
3 0.3609375 0.42734375 0.05703125 0.0296875
3 0.4234375 0.3953125 0.05703125 0.034375
3 0.40625 0.2796875 0.05078125 0.0375
3 0.4203125 0.2515625 0.096875 0.040625
3 0.45 0.34140625 0.05390625 0.0328125
3 0.52421875 0.5625 0.07109375 0.04375
3 0.50546875 0.65390625 0.07421875 0.0265625
3 0.4828125 0.6671875 0.03984375 0.028125
3 0.3265625 0.65546875 0.05703125 0.0359375
3 0.346875 0.63984375 0.03984375 0.0296875
3 0.390625 0.6578125 0.0484375 0.034375
3 0.54140625 0.521875 0.0484375 0.03125
3 0.49296875 0.4296875 0.03671875 0.025
3 0.23125 0.58828125 0.05390625 0.0296875