3 0.21015625 0.40078125 0.05078125 0.0359375
3 0.22578125 0.36796875 0.05390625 0.0265625
3 0.2984375 0.44765625 0.034375 0.0234375
3 0.421875 0.46640625 0.03671875 0.0234375
3 0.421875 0.41796875 0.05390625 0.0359375
3 0.3765625 0.5125 0.0484375 0.0375
3 0.23125 0.56015625 0.065625 0.0234375
3 0.48046875 0.6 0.05078125 0.028125
3 0.41328125 0.59140625 0.0484375 0.0296875
3 0.28671875 0.69765625 0.05703125 0.0390625
3 0.278125 0.79609375 0.05078125 0.0296875
3 0.34765625 0.70234375 0.0484375 0.0265625
3 0.44765625 0.65078125 0.0765625 0.0265625
3 0.934375 0.6546875 0.05703125 0.04375
3 0.984375 0.6546875 0.03125 0.04375
3 0.940625 0.52890625 0.06796875 0.0296875