3 0.18203125 0.28203125 0.06796875 0.0390625
3 0.18046875 0.3296875 0.07109375 0.040625
3 0.25390625 0.3609375 0.0765625 0.046875
3 0.26171875 0.40625 0.05703125 0.0375
3 0.38046875 0.36171875 0.07421875 0.0328125
3 0.3875 0.32578125 0.07109375 0.0390625
3 0.32421875 0.2765625 0.05078125 0.025
3 0.32265625 0.4421875 0.03671875 0.03125
3 0.328125 0.40859375 0.059375 0.0359375
3 0.41328125 0.54375 0.08203125 0.0375
3 0.43046875 0.56953125 0.04296875 0.0359375
3 0.44765625 0.603125 0.065625 0.03125
3 0.8890625 0.50234375 0.06796875 0.0453125
3 0.60078125 0.3125 0.065625 0.03125
3 0.81640625 0.37734375 0.065625 0.0421875
3 0.80703125 0.28515625 0.090625 0.0390625
3 0.94140625 0.30703125 0.04296875 0.0265625
3 0.89921875 0.19375 0.059375 0.03125
3 0.89453125 0.1640625 0.090625 0.03125