3 0.36796875 0.315625 0.065625 0.03125
3 0.14375 0.3578125 0.04296875 0.03125
3 0.14921875 0.32109375 0.07109375 0.0359375
3 0.0328125 0.36171875 0.059375 0.0390625
3 0.02578125 0.40546875 0.0453125 0.0296875
3 0.07109375 0.4 0.05703125 0.03125
3 0.17734375 0.546875 0.065625 0.0375
3 0.075 0.5109375 0.04296875 0.021875
3 0.203125 0.59765625 0.059375 0.0296875
3 0.53984375 0.37890625 0.05703125 0.0359375
3 0.609375 0.38046875 0.065625 0.0328125
3 0.57265625 0.27890625 0.0765625 0.0359375
3 0.81640625 0.275 0.059375 0.0375
3 0.8125 0.22265625 0.0625 0.0390625
3 0.66171875 0.16328125 0.0625 0.0359375
3 0.6859375 0.496875 0.0765625 0.040625
3 0.64453125 0.52109375 0.0796875 0.0359375
3 0.56796875 0.7015625 0.05078125 0.03125