3 0.44296875 0.31484375 0.0796875 0.0421875
3 0.44765625 0.2703125 0.08203125 0.040625
3 0.38203125 0.2796875 0.0484375 0.021875
3 0.58125 0.2640625 0.0484375 0.03125
3 0.64453125 0.309375 0.05703125 0.04375
3 0.6390625 0.34296875 0.0625 0.0390625
3 0.53671875 0.3890625 0.0796875 0.028125
3 0.5125 0.34609375 0.065625 0.0390625
3 0.59765625 0.421875 0.065625 0.040625
3 0.54375 0.4890625 0.08203125 0.040625
3 0.653125 0.52578125 0.07421875 0.0328125
3 0.66796875 0.54765625 0.0453125 0.0234375
3 0.68359375 0.584375 0.059375 0.0375
3 0.8421875 0.2984375 0.05390625 0.03125