3 0.05859375 0.32265625 0.0484375 0.0296875
3 0.27265625 0.29609375 0.0796875 0.0390625
3 0.21328125 0.3890625 0.0625 0.028125
3 0.21015625 0.4171875 0.03984375 0.03125
3 0.32265625 0.40078125 0.0765625 0.0453125
3 0.52265625 0.29765625 0.06796875 0.0328125
3 0.52578125 0.24140625 0.07421875 0.0359375
3 0.3765625 0.521875 0.0484375 0.0375
3 0.6546875 0.40546875 0.07109375 0.0359375
3 0.2796875 0.49375 0.05390625 0.03125
3 0.52265625 0.54765625 0.05703125 0.0203125
3 0.91796875 0.5234375 0.07421875 0.034375
3 0.921875 0.490625 0.05390625 0.03125
3 0.92578125 0.62421875 0.07421875 0.0390625
3 0.253125 0.7265625 0.05078125 0.028125
3 0.89375 0.3078125 0.059375 0.03125
3 0.86484375 0.32109375 0.0484375 0.0296875