3 0.23125 0.2765625 0.059375 0.04375
3 0.22890625 0.3234375 0.07109375 0.04375
3 0.30703125 0.35859375 0.05703125 0.0359375
3 0.31640625 0.40390625 0.08828125 0.0328125
3 0.378125 0.40078125 0.0796875 0.0296875
3 0.44765625 0.35546875 0.08203125 0.0328125
3 0.44296875 0.32578125 0.06796875 0.0359375
3 0.37109375 0.27109375 0.059375 0.0328125
3 0.45703125 0.54140625 0.07421875 0.0421875
3 0.5 0.60078125 0.0796875 0.0328125
3 0.47421875 0.565625 0.05703125 0.021875
3 0.64765625 0.3109375 0.06796875 0.028125
3 0.8609375 0.278125 0.090625 0.040625
3 0.953125 0.159375 0.08828125 0.04375
3 0.94921875 0.196875 0.096875 0.04375
3 0.96875 0.30234375 0.0625 0.0421875
3 0.94140625 0.490625 0.065625 0.0375