3 0.734375 0.26796875 0.065625 0.0390625
3 0.71875 0.29765625 0.07421875 0.0265625
3 0.62890625 0.34375 0.09375 0.046875
3 0.71875 0.34609375 0.05703125 0.0453125
3 0.60234375 0.46875 0.07421875 0.040625
3 0.715625 0.41328125 0.090625 0.0390625
3 0.66640625 0.4453125 0.08828125 0.040625
3 0.77734375 0.44140625 0.0765625 0.0328125
3 0.7 0.49375 0.0765625 0.040625
3 0.625 0.51015625 0.05703125 0.0296875
3 0.59921875 0.66875 0.0625 0.034375
3 0.56640625 0.6875 0.065625 0.0375
3 0.640625 0.68125 0.05390625 0.03125
3 0.79140625 0.684375 0.08203125 0.04375
3 0.75390625 0.69375 0.08203125 0.034375
3 0.86328125 0.6640625 0.090625 0.03125
3 0.809375 0.590625 0.10234375 0.05
3 0.8109375 0.5453125 0.059375 0.034375
3 0.05390625 0.63984375 0.0625 0.0328125
3 0.02265625 0.6765625 0.03984375 0.059375
3 0.02421875 0.5 0.04296875 0.034375