3 0.5 0.31328125 0.07421875 0.0453125
3 0.0328125 0.5890625 0.0484375 0.028125
3 0.5140625 0.271875 0.06796875 0.03125
3 0.45703125 0.278125 0.03984375 0.03125
3 0.64453125 0.26484375 0.05078125 0.0359375
3 0.715625 0.309375 0.06796875 0.04375
3 0.71015625 0.34296875 0.0625 0.0421875
3 0.58515625 0.34140625 0.06796875 0.0390625
3 0.60546875 0.3890625 0.06796875 0.040625
3 0.671875 0.42109375 0.04296875 0.0328125
3 0.61484375 0.4984375 0.07109375 0.0375
3 0.70859375 0.528125 0.0765625 0.03125
3 0.7375 0.54765625 0.05390625 0.0234375
3 0.75546875 0.58125 0.06796875 0.0375
3 0.978125 0.46171875 0.04375 0.0296875
3 0.90625 0.3015625 0.06796875 0.0375