3 0.57421875 0.2359375 0.06796875 0.03125
3 0.32421875 0.2875 0.10234375 0.040625
3 0.7 0.3984375 0.059375 0.028125
3 0.1125 0.315625 0.05390625 0.0375
3 0.36796875 0.39609375 0.065625 0.0421875
3 0.265625 0.38359375 0.065625 0.0296875
3 0.2484375 0.4015625 0.059375 0.0375
3 0.421875 0.51328125 0.065625 0.0265625
3 0.575 0.2890625 0.05390625 0.040625
3 0.93203125 0.29921875 0.0625 0.0328125
3 0.96171875 0.475 0.0484375 0.034375
3 0.96171875 0.5109375 0.05390625 0.040625
3 0.97734375 0.60625 0.03984375 0.03125
3 0.5765625 0.53359375 0.05078125 0.0359375
3 0.309375 0.7140625 0.05703125 0.03125