3 0.4703125 0.25546875 0.09375 0.0484375
3 0.2015625 0.309375 0.07421875 0.040625
3 0.03515625 0.3359375 0.065625 0.03125
3 0.16171875 0.39296875 0.0625 0.0359375
3 0.16171875 0.42109375 0.06796875 0.0234375
3 0.25390625 0.40390625 0.08203125 0.0390625
3 0.47578125 0.30234375 0.065625 0.0390625
3 0.58828125 0.4046875 0.0625 0.040625
3 0.47890625 0.55390625 0.09375 0.0390625
3 0.1875 0.71484375 0.07421875 0.0390625
3 0.8734375 0.5328125 0.059375 0.04375
3 0.86796875 0.496875 0.05390625 0.034375
3 0.92890625 0.4828125 0.0796875 0.0375
3 0.8734375 0.63671875 0.07109375 0.0359375
3 0.71875 0.6546875 0.05703125 0.040625
3 0.965625 0.3890625 0.06796875 0.040625
3 0.85234375 0.31328125 0.05078125 0.0359375
3 0.81640625 0.309375 0.059375 0.03125
3 0.8453125 0.33125 0.059375 0.028125