3 0.253125 0.30625 0.0796875 0.0375
3 0.05234375 0.33046875 0.065625 0.0296875
3 0.20625 0.396875 0.07109375 0.034375
3 0.190625 0.42578125 0.0453125 0.0265625
3 0.30859375 0.4078125 0.07109375 0.040625
3 0.52265625 0.309375 0.05078125 0.03125
3 0.515625 0.2515625 0.0765625 0.05
3 0.6421875 0.41796875 0.0625 0.0328125
3 0.8765625 0.31640625 0.065625 0.0296875
3 0.86640625 0.33671875 0.0625 0.0328125
3 0.83515625 0.31171875 0.05078125 0.0265625
3 0.953125 0.484375 0.059375 0.0375
3 0.91328125 0.5359375 0.05390625 0.040625
3 0.92890625 0.63828125 0.0796875 0.0390625
3 0.8109375 0.54765625 0.059375 0.0359375
3 0.52265625 0.56171875 0.06796875 0.0359375
3 0.35625 0.540625 0.0765625 0.04375
3 0.23125 0.7390625 0.04296875 0.025