3 0.14375 0.49765625 0.059375 0.0265625
3 0.13359375 0.44765625 0.05703125 0.0296875
3 0.18203125 0.634375 0.0625 0.03125
3 0.17734375 0.70234375 0.065625 0.0328125
3 0.159375 0.665625 0.05703125 0.04375
3 0.10390625 0.61875 0.065625 0.03125
3 0.0921875 0.55703125 0.059375 0.0359375
3 0.03984375 0.76484375 0.07421875 0.0390625
3 0.7796875 0.46875 0.0765625 0.04375
3 0.965625 0.44765625 0.0625 0.0296875
3 0.8921875 0.2640625 0.0796875 0.053125
3 0.80546875 0.35 0.08828125 0.04375
3 0.96015625 0.54921875 0.0796875 0.0484375
3 0.9546875 0.5921875 0.090625 0.04375
3 0.94296875 0.68203125 0.096875 0.0453125
3 0.9078125 0.7 0.08203125 0.0375
3 0.78125 0.6859375 0.0625 0.028125
3 0.73828125 0.671875 0.0796875 0.040625
3 0.71484375 0.6921875 0.07109375 0.0375
3 0.7984375 0.5078125 0.06796875 0.040625
3 0.83515625 0.4828125 0.0453125 0.025