000000
000004
000006
000007
000009
000010
000011
000013
000015
000017
000018
000019
000020
000021
000022
000024
000025
000026
000028
000029
000031
000032
000033
000034
000035
000036
000037
000038
000039
000041
000042
000043
000044
000045
000048
000049
000050
000051
000052
000053
000056
000057
000059
000061
000062
000063
000064
000065
000066
000067
000068
000070
000071
000073
000074
000075
000076
000077
000078
000079
000080
000082
000083
000085
000086
000089
000090
000091
000092
000093
000094
000095
000096
000097
000098
000104
000107
000112
000115
000116
000117
000118
000121
000123
000124
000125
000131
000132
000133
000134
000136
000137
000138
000139
000140
000141
000143
000144
000145
000146
000147
000148
000149
000150
000152
000156
000157
000159
000160
000162
000163
000164
000165
000168
000169
000170
000171
000172
000173
000174
000175
000177
000178
000180
000181
000182
000183
000184
000185
000189
000190
000191
000192
000193
000195
000196
000198
000201
000204
000205
000206
000207
000208
000209
000210
000215
000216
000218
000219
000220
000222
000223
000224
000226
000229
000230
000233
000235
000236
000237
000238
000239
000242
000245
000246
000247
000248
000249
000250
000251
000252
000253
000257
000258
000259
000260
000261
000262
000263
000264
000265
000266
000267
000268
000269
000270
000271
000272
000273
000274
000275
000276
000277
000278
000279
000280
000281
000282
000284
000285
000286
000287
000288
000289
000290
000291
000292
000293
000294
000295
000296
000297
000298
000299
000300
000301
000302
000303
000304
000305
000306
000307
000308
000309
000310
000311
000312
000313
000314
000315
000317
000319
000320
000321
000322
000323
000324
000325
000326
000327
000328
000329
000332
000333
000335
000340
000341
000342
000343
000344
000345
000346
000347
000349
000350
000354
000355
000357
000358
000359
000360
000361
000363
000365
000366
000368
000369
000370
000371
000372
000373
000375
000377
000378
000379
000380
000381
000382
000383
000384
000387
000388
000389
000390
000391
000392
000393
000394
000395
000396
000399
000401
000402
000403
000404
000405
000406
000407
000412
000413
000416
000417
000418
000419
000420
000423
000424
000425
000426
000427
000431
000434
000435
000436
000437
000439
000440
000441
000444
000448
000450
000451
000452
000455
000456
000457
000459
000460
000465
000466
000467
000468
000469
000471
000472
000473
000474
000475
000476
000478
000479
000480
000481
000483
000484
000485
000486
000487
000488
000494
000495
000496
000497
000498
000499
000502
000503
000504
000506
000507
000508
000510
000511
000512
000513
000514
000516
000517
000519
000520
000521
000522
000523
000527
000528
000529
000530
000531
000532
000533
000534
000535
000536
000537
000538
000539
000540
000541
000542
000544
000545
000547
000548
000550
000551
000552
000554
000556
000557
000558
000559
000560
000562
000563
000564
000565
000566
000568
000571
000573
000574
000575
000576
000577
000578
000579
000580
000581
000585
000586
000587
000589
000591
000592
000593
000594
000595
000597
000599
000600
000601
000602
000603
000604
000605
000606
000607
000609
000611
000612
000613
000615
000617
000618
000619
000620
000621
000622
000623
000624
000627
000630
000631
000632
000634
000635
000637
000638
000640
000641
000642
000643
000645
000646
000647
000649
000650
000651
000652
000653
000654
000657
000658
000659
000663
000664
000667
000668
000669
000670
000671
000673
000674
000675
000676
000677
000681
000682
000685
000690
000691
000692
000693
000694
000695
000696
000699
000700
000701
000702
000703
000704
000705
000706
000709
000710
000711
000713
000714
000715
000716
000717
000719
000720
000722
000723
000724
000725
000726
000727
000731
000732
000733
000735
000737
000738
000739
000740
000741
000743
000744
000749
000750
000751
000752
000753
000754
000755
000757
